        0.0000  -1.831387   0.300126  -1.531262 
       30.0000  -1.629730   0.195127  -1.434603 
       60.0000  -1.593319   0.226907  -1.366412 
       90.0000  -1.565651   0.248156  -1.317495 
      120.0000  -1.547440   0.263856  -1.283584 
      150.0000  -1.533932   0.274805  -1.259127 
      180.0000  -1.523531   0.283120  -1.240412 
      210.0000  -1.518316   0.287636  -1.230680 
      240.0000  -1.513722   0.291476  -1.222246 
      270.0000  -1.509048   0.293313  -1.215735 
      300.0000  -1.504082   0.295726  -1.208356 
      330.0000  -1.501163   0.299299  -1.201864 
      360.0000  -1.501548   0.300698  -1.200850 
      390.0000  -1.501437   0.298320  -1.203117 
      420.0000  -1.501146   0.300591  -1.200555 
      450.0000  -1.499440   0.299610  -1.199830 
      480.0000  -1.497834   0.300935  -1.196899 
      510.0000  -1.496324   0.300509  -1.195815 
      540.0000  -1.497849   0.303112  -1.194737 
      570.0000  -1.496350   0.301650  -1.194700 
      600.0000  -1.496163   0.301332  -1.194830 
      630.0000  -1.496276   0.299984  -1.196292 
      660.0000  -1.499315   0.302238  -1.197077 
      690.0000  -1.499187   0.302531  -1.196656 
      720.0000  -1.500032   0.301521  -1.198511 
      750.0000  -1.499760   0.299770  -1.199990 
      780.0000  -1.498826   0.297372  -1.201454 
      810.0000  -1.497331   0.299851  -1.197481 
      840.0000  -1.497264   0.300943  -1.196321 
      870.0000  -1.498093   0.299765  -1.198328 
      900.0000  -1.500144   0.299613  -1.200531 
      930.0000  -1.498875   0.298677  -1.200198 
      960.0000  -1.499793   0.302136  -1.197658 
      990.0000  -1.497481   0.301274  -1.196208 
     1020.0000  -1.496720   0.303505  -1.193215 
     1050.0000  -1.495944   0.300966  -1.194978 
     1080.0000  -1.496187   0.299682  -1.196505 
     1110.0000  -1.496288   0.300226  -1.196062 
     1140.0000  -1.496967   0.301289  -1.195678 
     1170.0000  -1.497016   0.300975  -1.196040 
     1200.0000  -1.497780   0.300410  -1.197370 
     1230.0000  -1.498501   0.300692  -1.197809 
     1260.0000  -1.498420   0.301656  -1.196764 
     1290.0000  -1.497651   0.298844  -1.198807 
     1320.0000  -1.497332   0.301186  -1.196146 
     1350.0000  -1.497615   0.301287  -1.196328 
     1380.0000  -1.497019   0.299679  -1.197340 
     1410.0000  -1.497636   0.298845  -1.198791 
     1440.0000  -1.498687   0.300604  -1.198083 
     1470.0000  -1.497096   0.302235  -1.194862 
     1500.0000  -1.493928   0.301502  -1.192426 
     1530.0000  -1.497024   0.299872  -1.197153 
     1560.0000  -1.497414   0.300482  -1.196933 
     1590.0000  -1.499206   0.302099  -1.197106 
     1620.0000  -1.495929   0.302333  -1.193596 
     1650.0000  -1.497227   0.300601  -1.196626 
     1680.0000  -1.497385   0.298616  -1.198769 
     1710.0000  -1.498384   0.299259  -1.199125 
     1740.0000  -1.497426   0.300388  -1.197038 
     1770.0000  -1.497320   0.301000  -1.196320 
     1800.0000  -1.498197   0.302720  -1.195477 
     1830.0000  -1.498037   0.299825  -1.198213 
     1860.0000  -1.498355   0.298820  -1.199535 
     1890.0000  -1.498635   0.300240  -1.198395 
     1920.0000  -1.497961   0.301761  -1.196199 
     1950.0000  -1.498531   0.301607  -1.196924 
     1980.0000  -1.497239   0.301409  -1.195830 
     2010.0000  -1.497098   0.300842  -1.196257 
     2040.0000  -1.496091   0.299956  -1.196134 
     2070.0000  -1.497851   0.301470  -1.196381 
     2100.0000  -1.495361   0.299750  -1.195611 
     2130.0000  -1.498399   0.302132  -1.196267 
     2160.0000  -1.497589   0.300555  -1.197035 
     2190.0000  -1.497803   0.301442  -1.196361 
     2220.0000  -1.498295   0.299760  -1.198536 
     2250.0000  -1.498976   0.299721  -1.199255 
     2280.0000  -1.499197   0.299619  -1.199578 
     2310.0000  -1.500752   0.302465  -1.198286 
     2340.0000  -1.497880   0.300464  -1.197415 
     2370.0000  -1.497396   0.299752  -1.197644 
     2400.0000  -1.499075   0.299817  -1.199258 
     2430.0000  -1.498793   0.301898  -1.196895 
     2460.0000  -1.500004   0.302427  -1.197577 
     2490.0000  -1.497354   0.298120  -1.199235 
     2520.0000  -1.501021   0.299114  -1.201907 
     2550.0000  -1.501295   0.299997  -1.201298 
     2580.0000  -1.500571   0.299963  -1.200609 
     2610.0000  -1.501439   0.298842  -1.202597 
     2640.0000  -1.499111   0.297959  -1.201152 
     2670.0000  -1.500784   0.298664  -1.202120 
     2700.0000  -1.501924   0.299510  -1.202414 
     2730.0000  -1.502836   0.301153  -1.201683 
     2760.0000  -1.500313   0.298090  -1.202224 
     2790.0000  -1.500190   0.298065  -1.202124 
     2820.0000  -1.500297   0.298553  -1.201744 
     2850.0000  -1.501127   0.299015  -1.202113 
     2880.0000  -1.498756   0.300700  -1.198056 
     2910.0000  -1.497844   0.301777  -1.196067 
     2940.0000  -1.498357   0.299794  -1.198563 
     2970.0000  -1.497303   0.298419  -1.198884 
     3000.0000  -1.497625   0.299145  -1.198481 
     3030.0000  -1.497560   0.300785  -1.196775 
     3060.0000  -1.499899   0.301281  -1.198618 
     3090.0000  -1.499045   0.301695  -1.197350 
     3120.0000  -1.499661   0.300136  -1.199525 
     3150.0000  -1.499724   0.299540  -1.200183 
     3180.0000  -1.497440   0.299756  -1.197684 
     3210.0000  -1.498118   0.303102  -1.195016 
     3240.0000  -1.497754   0.303226  -1.194528 
     3270.0000  -1.497899   0.300711  -1.197188 
     3300.0000  -1.499276   0.300258  -1.199018 
     3330.0000  -1.497993   0.298788  -1.199205 
     3360.0000  -1.499697   0.300894  -1.198803 
     3390.0000  -1.497936   0.301190  -1.196746 
     3420.0000  -1.496287   0.300156  -1.196131 
     3450.0000  -1.499680   0.299826  -1.199853 
     3480.0000  -1.501160   0.299464  -1.201697 
     3510.0000  -1.501809   0.301211  -1.200598 
     3540.0000  -1.502471   0.302490  -1.199981 
     3570.0000  -1.502892   0.300482  -1.202410 
     3600.0000  -1.502001   0.297381  -1.204620 
     3630.0000  -1.501260   0.296892  -1.204368 
     3660.0000  -1.498305   0.296293  -1.202012 
     3690.0000  -1.499742   0.298174  -1.201568 
     3720.0000  -1.500506   0.301154  -1.199352 
     3750.0000  -1.498711   0.299159  -1.199552 
     3780.0000  -1.499283   0.302189  -1.197094 
     3810.0000  -1.499858   0.302797  -1.197061 
     3840.0000  -1.499328   0.299932  -1.199395 
     3870.0000  -1.499396   0.299139  -1.200258 
     3900.0000  -1.502129   0.300679  -1.201450 
     3930.0000  -1.500650   0.299489  -1.201161 
     3960.0000  -1.498458   0.297598  -1.200860 
     3990.0000  -1.499233   0.299668  -1.199564 
     4020.0000  -1.500980   0.299805  -1.201175 
     4050.0000  -1.496683   0.299150  -1.197533 
     4080.0000  -1.498318   0.301550  -1.196768 
     4110.0000  -1.499707   0.303117  -1.196590 
     4140.0000  -1.496166   0.299417  -1.196750 
     4170.0000  -1.498982   0.301957  -1.197025 
     4200.0000  -1.499100   0.302737  -1.196363 
     4230.0000  -1.499031   0.302120  -1.196911 
     4260.0000  -1.498452   0.303414  -1.195038 
     4290.0000  -1.498794   0.300812  -1.197982 
     4320.0000  -1.500922   0.301816  -1.199106 
     4350.0000  -1.497637   0.300191  -1.197446 
     4380.0000  -1.499192   0.300738  -1.198454 
     4410.0000  -1.501447   0.300496  -1.200951 
     4440.0000  -1.500726   0.300524  -1.200203 
     4470.0000  -1.496975   0.298678  -1.198298 
     4500.0000  -1.497772   0.300709  -1.197063 
     4530.0000  -1.495865   0.300574  -1.195291 
     4560.0000  -1.497484   0.301834  -1.195650 
     4590.0000  -1.495723   0.300720  -1.195003 
     4620.0000  -1.498547   0.300602  -1.197946 
     4650.0000  -1.499856   0.301200  -1.198656 
     4680.0000  -1.500874   0.300516  -1.200358 
     4710.0000  -1.500438   0.298271  -1.202168 
     4740.0000  -1.499870   0.298560  -1.201310 
     4770.0000  -1.501071   0.300273  -1.200799 
     4800.0000  -1.499334   0.299290  -1.200043 
     4830.0000  -1.498574   0.299632  -1.198941 
     4860.0000  -1.497788   0.298365  -1.199423 
     4890.0000  -1.500320   0.299616  -1.200704 
     4920.0000  -1.499606   0.300394  -1.199212 
     4950.0000  -1.499382   0.301719  -1.197663 
     4980.0000  -1.499685   0.300967  -1.198717 
     5010.0000  -1.498849   0.300237  -1.198612 
     5040.0000  -1.499115   0.299974  -1.199141 
     5070.0000  -1.501056   0.299215  -1.201841 
     5100.0000  -1.500285   0.298277  -1.202008 
     5130.0000  -1.500725   0.298630  -1.202095 
     5160.0000  -1.499602   0.298646  -1.200956 
     5190.0000  -1.496492   0.300465  -1.196028 
     5220.0000  -1.495580   0.302394  -1.193185 
     5250.0000  -1.495592   0.302305  -1.193287 
     5280.0000  -1.499488   0.302644  -1.196844 
     5310.0000  -1.497350   0.301575  -1.195776 
     5340.0000  -1.497750   0.297653  -1.200097 
     5370.0000  -1.499658   0.299403  -1.200256 
     5400.0000  -1.499197   0.298764  -1.200432 
     5430.0000  -1.499872   0.300285  -1.199587 
     5460.0000  -1.499979   0.300784  -1.199195 
     5490.0000  -1.501016   0.301837  -1.199179 
     5520.0000  -1.497429   0.299158  -1.198270 
     5550.0000  -1.497792   0.299460  -1.198332 
     5580.0000  -1.497273   0.302301  -1.194971 
     5610.0000  -1.499519   0.303911  -1.195608 
     5640.0000  -1.497679   0.303096  -1.194583 
     5670.0000  -1.495929   0.303206  -1.192723 
     5700.0000  -1.495691   0.300880  -1.194810 
     5730.0000  -1.498683   0.301197  -1.197486 
     5760.0000  -1.498559   0.302147  -1.196411 
     5790.0000  -1.497456   0.300158  -1.197298 
     5820.0000  -1.497112   0.301970  -1.195142 
     5850.0000  -1.498310   0.300623  -1.197687 
     5880.0000  -1.497121   0.300102  -1.197020 
     5910.0000  -1.497632   0.301876  -1.195756 
     5940.0000  -1.499460   0.302121  -1.197339 
     5970.0000  -1.496689   0.301219  -1.195470 
     6000.0000  -1.496359   0.302425  -1.193934 
     6030.0000  -1.497149   0.300750  -1.196399 
     6060.0000  -1.498120   0.299407  -1.198713 
     6090.0000  -1.499695   0.301440  -1.198255 
     6120.0000  -1.499374   0.300072  -1.199302 
     6150.0000  -1.497980   0.298364  -1.199616 
     6180.0000  -1.498184   0.299983  -1.198201 
     6210.0000  -1.499000   0.300625  -1.198375 
     6240.0000  -1.500478   0.299746  -1.200733 
     6270.0000  -1.501577   0.301841  -1.199736 
     6300.0000  -1.499631   0.299546  -1.200084 
     6330.0000  -1.500350   0.299285  -1.201065 
     6360.0000  -1.500381   0.300380  -1.200001 
     6390.0000  -1.502189   0.299195  -1.202994 
     6420.0000  -1.499823   0.298129  -1.201694 
     6450.0000  -1.500195   0.301910  -1.198285 
     6480.0000  -1.496227   0.298891  -1.197335 
     6510.0000  -1.499361   0.298533  -1.200828 
     6540.0000  -1.499653   0.298781  -1.200871 
     6570.0000  -1.499687   0.300261  -1.199425 
     6600.0000  -1.497604   0.298430  -1.199174 
     6630.0000  -1.501877   0.300089  -1.201788 
     6660.0000  -1.500126   0.300566  -1.199560 
     6690.0000  -1.499094   0.299007  -1.200087 
     6720.0000  -1.498115   0.297850  -1.200265 
     6750.0000  -1.501015   0.300838  -1.200177 
     6780.0000  -1.498584   0.298214  -1.200370 
     6810.0000  -1.500756   0.300390  -1.200366 
     6840.0000  -1.497366   0.297413  -1.199953 
     6870.0000  -1.499713   0.300796  -1.198918 
     6900.0000  -1.499806   0.300600  -1.199207 
     6930.0000  -1.498914   0.300915  -1.197999 
     6960.0000  -1.497465   0.300252  -1.197213 
     6990.0000  -1.497450   0.301534  -1.195916 
     7020.0000  -1.496743   0.300374  -1.196369 
     7050.0000  -1.497413   0.301275  -1.196138 
     7080.0000  -1.496197   0.299809  -1.196388 
     7110.0000  -1.497311   0.301087  -1.196225 
     7140.0000  -1.496274   0.298634  -1.197641 
     7170.0000  -1.496981   0.298250  -1.198731 
     7200.0000  -1.495214   0.300503  -1.194711 
     7230.0000  -1.498251   0.302392  -1.195859 
     7260.0000  -1.498784   0.300682  -1.198102 
     7290.0000  -1.498050   0.300435  -1.197615 
     7320.0000  -1.497787   0.301812  -1.195976 
     7350.0000  -1.496074   0.301905  -1.194169 
     7380.0000  -1.495517   0.301078  -1.194439 
     7410.0000  -1.494883   0.300974  -1.193908 
     7440.0000  -1.499057   0.301447  -1.197609 
     7470.0000  -1.497067   0.299279  -1.197787 
     7500.0000  -1.499262   0.300242  -1.199019 
     7530.0000  -1.500091   0.300443  -1.199649 
     7560.0000  -1.498849   0.299226  -1.199623 
     7590.0000  -1.499652   0.300553  -1.199098 
     7620.0000  -1.498720   0.299530  -1.199189 
     7650.0000  -1.499655   0.298004  -1.201651 
     7680.0000  -1.499413   0.297747  -1.201666 
     7710.0000  -1.501811   0.300293  -1.201518 
     7740.0000  -1.501157   0.299536  -1.201621 
     7770.0000  -1.500452   0.299651  -1.200801 
     7800.0000  -1.502381   0.300054  -1.202328 
     7830.0000  -1.501117   0.298184  -1.202933 
     7860.0000  -1.500962   0.297054  -1.203908 
     7890.0000  -1.502058   0.298292  -1.203766 
     7920.0000  -1.501336   0.299144  -1.202192 
     7950.0000  -1.499862   0.299185  -1.200677 
     7980.0000  -1.501426   0.298458  -1.202968 
     8010.0000  -1.501409   0.298624  -1.202785 
     8040.0000  -1.500731   0.300430  -1.200301 
     8070.0000  -1.497461   0.299889  -1.197572 
     8100.0000  -1.499577   0.303007  -1.196570 
     8130.0000  -1.500340   0.301363  -1.198978 
     8160.0000  -1.501130   0.301482  -1.199647 
     8190.0000  -1.501211   0.300376  -1.200835 
     8220.0000  -1.497970   0.299129  -1.198842 
     8250.0000  -1.499212   0.300578  -1.198635 
     8280.0000  -1.500351   0.300644  -1.199708 
     8310.0000  -1.500417   0.298476  -1.201941 
     8340.0000  -1.498635   0.298986  -1.199648 
     8370.0000  -1.496511   0.298924  -1.197587 
     8400.0000  -1.500461   0.298168  -1.202293 
     8430.0000  -1.499092   0.297329  -1.201763 
     8460.0000  -1.500395   0.299851  -1.200544 
     8490.0000  -1.498445   0.297335  -1.201109 
     8520.0000  -1.497098   0.298901  -1.198198 
     8550.0000  -1.499184   0.300084  -1.199100 
     8580.0000  -1.498735   0.301336  -1.197399 
     8610.0000  -1.496882   0.299867  -1.197015 
     8640.0000  -1.499015   0.300735  -1.198280 
     8670.0000  -1.497994   0.298669  -1.199325 
     8700.0000  -1.498791   0.301274  -1.197516 
     8730.0000  -1.496476   0.301245  -1.195231 
     8760.0000  -1.496451   0.302654  -1.193797 
     8790.0000  -1.497494   0.303195  -1.194299 
     8820.0000  -1.495559   0.302382  -1.193177 
     8850.0000  -1.495208   0.301416  -1.193792 
     8880.0000  -1.498314   0.302187  -1.196126 
     8910.0000  -1.497535   0.299539  -1.197996 
     8940.0000  -1.495015   0.298036  -1.196979 
     8970.0000  -1.496016   0.300103  -1.195914 
     9000.0000  -1.496980   0.300808  -1.196172 
     9030.0000  -1.496529   0.300852  -1.195677 
     9060.0000  -1.500335   0.301797  -1.198538 
     9090.0000  -1.500020   0.298422  -1.201597 
     9120.0000  -1.501498   0.298545  -1.202953 
     9150.0000  -1.502760   0.299141  -1.203620 
     9180.0000  -1.499175   0.297906  -1.201269 
     9210.0000  -1.499826   0.299853  -1.199973 
     9240.0000  -1.500501   0.298363  -1.202137 
     9270.0000  -1.500940   0.299463  -1.201477 
     9300.0000  -1.500826   0.299267  -1.201558 
     9330.0000  -1.498808   0.297909  -1.200899 
     9360.0000  -1.496098   0.298952  -1.197146 
     9390.0000  -1.497970   0.300286  -1.197684 
     9420.0000  -1.498820   0.299826  -1.198994 
     9450.0000  -1.499010   0.299799  -1.199211 
     9480.0000  -1.499394   0.300328  -1.199066 
     9510.0000  -1.499007   0.299265  -1.199742 
     9540.0000  -1.496469   0.299685  -1.196785 
     9570.0000  -1.497667   0.302127  -1.195540 
     9600.0000  -1.498654   0.299529  -1.199125 
     9630.0000  -1.499851   0.299325  -1.200526 
     9660.0000  -1.502594   0.299738  -1.202856 
     9690.0000  -1.500932   0.301713  -1.199219 
     9720.0000  -1.497461   0.300884  -1.196576 
     9750.0000  -1.500050   0.298580  -1.201470 
     9780.0000  -1.499646   0.298674  -1.200972 
     9810.0000  -1.499493   0.299612  -1.199881 
     9840.0000  -1.500889   0.300132  -1.200757 
     9870.0000  -1.499578   0.297967  -1.201611 
     9900.0000  -1.499598   0.301290  -1.198307 
     9930.0000  -1.497471   0.297090  -1.200381 
     9960.0000  -1.498243   0.298926  -1.199318 
     9990.0000  -1.498455   0.300514  -1.197941 
    10020.0000  -1.497242   0.300451  -1.196791 
    10050.0000  -1.499257   0.302364  -1.196893 
    10080.0000  -1.498354   0.300482  -1.197872 
    10110.0000  -1.501040   0.300831  -1.200208 
    10140.0000  -1.500540   0.296879  -1.203661 
    10170.0000  -1.502463   0.298209  -1.204254 
    10200.0000  -1.502166   0.298059  -1.204107 
    10230.0000  -1.500872   0.299326  -1.201546 
    10260.0000  -1.501639   0.300765  -1.200874 
    10290.0000  -1.501724   0.300086  -1.201638 
    10320.0000  -1.500450   0.300402  -1.200049 
    10350.0000  -1.498055   0.300703  -1.197352 
    10380.0000  -1.496539   0.299172  -1.197367 
    10410.0000  -1.497850   0.299181  -1.198669 
    10440.0000  -1.497529   0.301487  -1.196043 
    10470.0000  -1.497182   0.303108  -1.194074 
    10500.0000  -1.494985   0.301719  -1.193265 
    10530.0000  -1.497633   0.304142  -1.193491 
    10560.0000  -1.496383   0.300938  -1.195445 
    10590.0000  -1.497719   0.300467  -1.197251 
    10620.0000  -1.497519   0.300718  -1.196802 
    10650.0000  -1.499377   0.300312  -1.199065 
    10680.0000  -1.497702   0.303356  -1.194346 
    10710.0000  -1.497896   0.301539  -1.196358 
    10740.0000  -1.495782   0.300072  -1.195710 
    10770.0000  -1.497059   0.300834  -1.196225 
    10800.0000  -1.499215   0.300345  -1.198870 
    10830.0000  -1.501513   0.299047  -1.202466 
    10860.0000  -1.501551   0.301613  -1.199938 
    10890.0000  -1.502301   0.300840  -1.201461 
    10920.0000  -1.499891   0.297672  -1.202219 
    10950.0000  -1.499369   0.299358  -1.200011 
    10980.0000  -1.499249   0.298882  -1.200367 
    11010.0000  -1.499506   0.299440  -1.200066 
    11040.0000  -1.499664   0.297789  -1.201875 
    11070.0000  -1.501769   0.301485  -1.200284 
    11100.0000  -1.499869   0.298847  -1.201022 
    11130.0000  -1.497117   0.297328  -1.199789 
    11160.0000  -1.497456   0.300344  -1.197112 
    11190.0000  -1.496618   0.300584  -1.196034 
    11220.0000  -1.498569   0.303010  -1.195560 
    11250.0000  -1.497294   0.301898  -1.195397 
    11280.0000  -1.498200   0.302993  -1.195208 
    11310.0000  -1.497820   0.302288  -1.195532 
    11340.0000  -1.496112   0.299446  -1.196666 
    11370.0000  -1.499020   0.299094  -1.199926 
    11400.0000  -1.499725   0.297631  -1.202094 
    11430.0000  -1.499744   0.298967  -1.200777 
    11460.0000  -1.500548   0.298723  -1.201825 
    11490.0000  -1.500214   0.298420  -1.201794 
    11520.0000  -1.501919   0.299779  -1.202140 
    11550.0000  -1.501610   0.300266  -1.201344 
    11580.0000  -1.499671   0.298493  -1.201177 
    11610.0000  -1.499032   0.299370  -1.199662 
    11640.0000  -1.499762   0.297864  -1.201898 
    11670.0000  -1.499617   0.301125  -1.198492 
    11700.0000  -1.499961   0.300782  -1.199179 
    11730.0000  -1.498031   0.302382  -1.195649 
    11760.0000  -1.496809   0.301134  -1.195675 
    11790.0000  -1.495819   0.301788  -1.194031 
    11820.0000  -1.496686   0.299737  -1.196949 
    11850.0000  -1.497660   0.298611  -1.199048 
    11880.0000  -1.497852   0.301494  -1.196357 
    11910.0000  -1.499142   0.301188  -1.197954 
    11940.0000  -1.498329   0.301504  -1.196825 
    11970.0000  -1.498696   0.299250  -1.199446 
    12000.0000  -1.499998   0.298979  -1.201019 
    12030.0000  -1.501399   0.299250  -1.202148 
    12060.0000  -1.499352   0.298708  -1.200645 
    12090.0000  -1.499769   0.296770  -1.202999 
    12120.0000  -1.498408   0.299082  -1.199326 
    12150.0000  -1.500453   0.300978  -1.199476 
    12180.0000  -1.500258   0.302451  -1.197807 
    12210.0000  -1.498820   0.300556  -1.198264 
    12240.0000  -1.496167   0.300100  -1.196066 
    12270.0000  -1.498335   0.300820  -1.197515 
    12300.0000  -1.498507   0.298753  -1.199754 
    12330.0000  -1.500035   0.298432  -1.201603 
    12360.0000  -1.499985   0.299036  -1.200948 
    12390.0000  -1.499828   0.300176  -1.199652 
    12420.0000  -1.497850   0.299618  -1.198232 
    12450.0000  -1.498416   0.299289  -1.199128 
    12480.0000  -1.500912   0.299215  -1.201698 
    12510.0000  -1.498336   0.300315  -1.198022 
    12540.0000  -1.495511   0.301764  -1.193746 
    12570.0000  -1.497502   0.302216  -1.195286 
    12600.0000  -1.499494   0.301190  -1.198304 
    12630.0000  -1.499822   0.300788  -1.199034 
    12660.0000  -1.497719   0.298694  -1.199024 
    12690.0000  -1.497632   0.299362  -1.198270 
    12720.0000  -1.499126   0.302754  -1.196372 
    12750.0000  -1.497663   0.301242  -1.196421 
    12780.0000  -1.498128   0.301179  -1.196949 
    12810.0000  -1.498081   0.299861  -1.198220 
    12840.0000  -1.498156   0.299448  -1.198708 
    12870.0000  -1.500481   0.299685  -1.200796 
    12900.0000  -1.500110   0.300712  -1.199398 
    12930.0000  -1.498976   0.301880  -1.197096 
    12960.0000  -1.496808   0.298702  -1.198106 
    12990.0000  -1.496853   0.299265  -1.197587 
    13020.0000  -1.498734   0.302913  -1.195822 
    13050.0000  -1.496443   0.302107  -1.194336 
    13080.0000  -1.494003   0.299701  -1.194302 
    13110.0000  -1.497589   0.301948  -1.195641 
    13140.0000  -1.497762   0.300426  -1.197336 
    13170.0000  -1.496943   0.300587  -1.196356 
    13200.0000  -1.497667   0.302280  -1.195388 
    13230.0000  -1.496145   0.300773  -1.195373 
    13260.0000  -1.498552   0.302154  -1.196398 
    13290.0000  -1.495521   0.300683  -1.194837 
    13320.0000  -1.498697   0.302267  -1.196430 
    13350.0000  -1.498546   0.301595  -1.196951 
    13380.0000  -1.496129   0.300383  -1.195746 
    13410.0000  -1.498807   0.303058  -1.195749 
    13440.0000  -1.494416   0.298318  -1.196098 
    13470.0000  -1.496738   0.300786  -1.195952 
    13500.0000  -1.495960   0.301882  -1.194077 
    13530.0000  -1.497220   0.303158  -1.194062 
    13560.0000  -1.496205   0.302788  -1.193417 
    13590.0000  -1.496374   0.300307  -1.196067 
    13620.0000  -1.497062   0.299066  -1.197997 
    13650.0000  -1.499116   0.300391  -1.198725 
    13680.0000  -1.497328   0.299336  -1.197992 
    13710.0000  -1.497329   0.298909  -1.198420 
    13740.0000  -1.499757   0.301223  -1.198535 
    13770.0000  -1.499173   0.300450  -1.198723 
    13800.0000  -1.496844   0.300825  -1.196019 
    13830.0000  -1.495305   0.302482  -1.192823 
    13860.0000  -1.497167   0.301749  -1.195418 
    13890.0000  -1.496755   0.302081  -1.194674 
    13920.0000  -1.495310   0.300661  -1.194648 
    13950.0000  -1.496376   0.301275  -1.195101 
    13980.0000  -1.496509   0.300642  -1.195867 
    14010.0000  -1.497417   0.299004  -1.198413 
    14040.0000  -1.498334   0.299176  -1.199158 
    14070.0000  -1.499196   0.302194  -1.197002 
    14100.0000  -1.498611   0.301695  -1.196916 
    14130.0000  -1.498798   0.300633  -1.198166 
    14160.0000  -1.497173   0.301751  -1.195422 
    14190.0000  -1.495076   0.302717  -1.192360 
    14220.0000  -1.495345   0.299535  -1.195810 
    14250.0000  -1.498703   0.301234  -1.197469 
    14280.0000  -1.497162   0.301823  -1.195338 
    14310.0000  -1.497037   0.301218  -1.195819 
    14340.0000  -1.497073   0.302525  -1.194548 
    14370.0000  -1.496695   0.301307  -1.195388 
    14400.0000  -1.498736   0.301061  -1.197676 
    14430.0000  -1.498861   0.302073  -1.196788 
    14460.0000  -1.498985   0.302926  -1.196059 
    14490.0000  -1.497743   0.299549  -1.198194 
    14520.0000  -1.498709   0.300749  -1.197960 
    14550.0000  -1.499582   0.299766  -1.199816 
    14580.0000  -1.496961   0.298954  -1.198007 
    14610.0000  -1.498048   0.301804  -1.196244 
    14640.0000  -1.498744   0.301299  -1.197445 
    14670.0000  -1.500576   0.301535  -1.199041 
    14700.0000  -1.496767   0.298650  -1.198116 
    14730.0000  -1.498184   0.299871  -1.198313 
    14760.0000  -1.497701   0.300124  -1.197577 
    14790.0000  -1.498753   0.299710  -1.199043 
    14820.0000  -1.501738   0.300173  -1.201566 
    14850.0000  -1.500088   0.301136  -1.198952 
    14880.0000  -1.498627   0.298595  -1.200032 
    14910.0000  -1.500200   0.298695  -1.201504 
    14940.0000  -1.499409   0.296909  -1.202500 
    14970.0000  -1.499575   0.298848  -1.200727 
    15000.0000  -1.498226   0.298982  -1.199245 
    15030.0000  -1.499818   0.299870  -1.199948 
    15060.0000  -1.499435   0.297931  -1.201505 
    15090.0000  -1.499645   0.298075  -1.201571 
    15120.0000  -1.500171   0.298664  -1.201507 
    15150.0000  -1.500446   0.297742  -1.202705 
    15180.0000  -1.499762   0.297546  -1.202216 
    15210.0000  -1.499960   0.299456  -1.200504 
    15240.0000  -1.499111   0.300031  -1.199080 
    15270.0000  -1.499042   0.298970  -1.200072 
    15300.0000  -1.500374   0.301553  -1.198821 
    15330.0000  -1.500587   0.298896  -1.201691 
    15360.0000  -1.500163   0.299309  -1.200854 
    15390.0000  -1.501235   0.299063  -1.202172 
    15420.0000  -1.500253   0.299469  -1.200784 
    15450.0000  -1.500354   0.302363  -1.197992 
    15480.0000  -1.497165   0.300243  -1.196922 
    15510.0000  -1.496969   0.298530  -1.198439 
    15540.0000  -1.499118   0.301597  -1.197520 
    15570.0000  -1.497099   0.301237  -1.195862 
    15600.0000  -1.496243   0.300673  -1.195571 
    15630.0000  -1.495596   0.300487  -1.195108 
    15660.0000  -1.497551   0.303431  -1.194121 
    15690.0000  -1.497920   0.302078  -1.195842 
    15720.0000  -1.498466   0.302900  -1.195566 
    15750.0000  -1.498966   0.300988  -1.197978 
    15780.0000  -1.498484   0.301404  -1.197080 
    15810.0000  -1.496651   0.299332  -1.197318 
    15840.0000  -1.496207   0.297812  -1.198395 
    15870.0000  -1.498523   0.298373  -1.200150 
    15900.0000  -1.497810   0.299349  -1.198461 
    15930.0000  -1.499475   0.300451  -1.199024 
    15960.0000  -1.501818   0.301161  -1.200658 
    15990.0000  -1.502785   0.300431  -1.202354 
    16020.0000  -1.501349   0.299624  -1.201725 
    16050.0000  -1.499746   0.298183  -1.201563 
    16080.0000  -1.501577   0.300570  -1.201007 
    16110.0000  -1.499948   0.300772  -1.199176 
    16140.0000  -1.498043   0.298322  -1.199721 
    16170.0000  -1.499101   0.298771  -1.200331 
    16200.0000  -1.498573   0.298780  -1.199793 
    16230.0000  -1.499720   0.300342  -1.199378 
    16260.0000  -1.499114   0.299659  -1.199455 
    16290.0000  -1.499162   0.300917  -1.198246 
    16320.0000  -1.498860   0.301056  -1.197804 
    16350.0000  -1.497201   0.298725  -1.198476 
    16380.0000  -1.500461   0.299068  -1.201393 
    16410.0000  -1.498763   0.298126  -1.200637 
    16440.0000  -1.499821   0.299458  -1.200363 
    16470.0000  -1.501697   0.299282  -1.202415 
    16500.0000  -1.498801   0.299336  -1.199465 
    16530.0000  -1.500090   0.301086  -1.199004 
    16560.0000  -1.497862   0.299522  -1.198340 
    16590.0000  -1.499015   0.300837  -1.198178 
    16620.0000  -1.497976   0.302818  -1.195159 
    16650.0000  -1.496915   0.300540  -1.196375 
    16680.0000  -1.498072   0.300128  -1.197944 
    16710.0000  -1.499724   0.301316  -1.198409 
    16740.0000  -1.498707   0.299653  -1.199054 
    16770.0000  -1.501525   0.300514  -1.201011 
    16800.0000  -1.498996   0.300492  -1.198504 
    16830.0000  -1.499737   0.299638  -1.200099 
    16860.0000  -1.501327   0.300127  -1.201199 
    16890.0000  -1.498536   0.298472  -1.200064 
    16920.0000  -1.499044   0.299033  -1.200011 
    16950.0000  -1.499785   0.301278  -1.198507 
    16980.0000  -1.495236   0.300134  -1.195102 
    17010.0000  -1.496692   0.301340  -1.195351 
    17040.0000  -1.499331   0.300529  -1.198801 
    17070.0000  -1.497913   0.299648  -1.198265 
    17100.0000  -1.497141   0.299268  -1.197873 
    17130.0000  -1.497161   0.296953  -1.200208 
    17160.0000  -1.500942   0.299735  -1.201207 
    17190.0000  -1.499889   0.300226  -1.199664 
    17220.0000  -1.499216   0.298954  -1.200261 
    17250.0000  -1.499353   0.298861  -1.200492 
    17280.0000  -1.498036   0.300117  -1.197918 
    17310.0000  -1.499153   0.300475  -1.198678 
    17340.0000  -1.498266   0.302055  -1.196212 
    17370.0000  -1.498727   0.299353  -1.199374 
    17400.0000  -1.498797   0.299183  -1.199613 
    17430.0000  -1.498682   0.299214  -1.199469 
    17460.0000  -1.497475   0.301122  -1.196353 
    17490.0000  -1.498605   0.299888  -1.198718 
    17520.0000  -1.498208   0.300224  -1.197984 
    17550.0000  -1.495778   0.300221  -1.195557 
    17580.0000  -1.494453   0.300009  -1.194444 
    17610.0000  -1.497089   0.301211  -1.195878 
    17640.0000  -1.499939   0.301272  -1.198667 
    17670.0000  -1.499389   0.301040  -1.198348 
    17700.0000  -1.498495   0.300563  -1.197931 
    17730.0000  -1.497044   0.300272  -1.196772 
    17760.0000  -1.499000   0.302289  -1.196712 
    17790.0000  -1.497691   0.299334  -1.198357 
    17820.0000  -1.497848   0.299528  -1.198320 
    17850.0000  -1.498827   0.301869  -1.196958 
    17880.0000  -1.497648   0.300503  -1.197145 
    17910.0000  -1.497184   0.298721  -1.198463 
    17940.0000  -1.499413   0.301533  -1.197880 
    17970.0000  -1.497939   0.301431  -1.196508 
    18000.0000  -1.498604   0.299723  -1.198880 
    18030.0000  -1.499062   0.299755  -1.199307 
    18060.0000  -1.498539   0.302168  -1.196372 
    18090.0000  -1.495717   0.301050  -1.194668 
    18120.0000  -1.496187   0.301980  -1.194207 
    18150.0000  -1.498124   0.302077  -1.196047 
    18180.0000  -1.497344   0.301741  -1.195603 
    18210.0000  -1.499904   0.302472  -1.197432 
    18240.0000  -1.499965   0.298410  -1.201555 
    18270.0000  -1.499828   0.298689  -1.201140 
    18300.0000  -1.500557   0.300553  -1.200004 
    18330.0000  -1.500768   0.301328  -1.199439 
    18360.0000  -1.499919   0.299589  -1.200330 
    18390.0000  -1.498511   0.299675  -1.198837 
    18420.0000  -1.499635   0.300610  -1.199025 
    18450.0000  -1.501324   0.301194  -1.200130 
    18480.0000  -1.499561   0.298323  -1.201239 
    18510.0000  -1.498467   0.298592  -1.199876 
    18540.0000  -1.498263   0.299708  -1.198555 
    18570.0000  -1.498710   0.301473  -1.197238 
    18600.0000  -1.499498   0.302000  -1.197498 
    18630.0000  -1.499384   0.299376  -1.200007 
    18660.0000  -1.499037   0.298521  -1.200516 
    18690.0000  -1.498799   0.300650  -1.198149 
    18720.0000  -1.496775   0.299527  -1.197249 
    18750.0000  -1.500192   0.301011  -1.199181 
    18780.0000  -1.499905   0.301610  -1.198295 
    18810.0000  -1.499443   0.302032  -1.197411 
    18840.0000  -1.497744   0.300520  -1.197224 
    18870.0000  -1.495762   0.299214  -1.196549 
    18900.0000  -1.496922   0.298428  -1.198494 
    18930.0000  -1.499748   0.299392  -1.200356 
    18960.0000  -1.501047   0.301256  -1.199791 
    18990.0000  -1.498296   0.299072  -1.199224 
    19020.0000  -1.497961   0.299448  -1.198513 
    19050.0000  -1.499259   0.300128  -1.199131 
    19080.0000  -1.498230   0.300079  -1.198151 
    19110.0000  -1.497213   0.300186  -1.197027 
    19140.0000  -1.495514   0.298061  -1.197453 
    19170.0000  -1.495857   0.298434  -1.197423 
    19200.0000  -1.494818   0.300943  -1.193875 
    19230.0000  -1.499059   0.303475  -1.195584 
    19260.0000  -1.496305   0.301141  -1.195164 
    19290.0000  -1.495735   0.299520  -1.196215 
    19320.0000  -1.497806   0.302046  -1.195760 
    19350.0000  -1.496038   0.299791  -1.196247 
    19380.0000  -1.495348   0.300684  -1.194664 
    19410.0000  -1.496647   0.299359  -1.197287 
    19440.0000  -1.500659   0.302177  -1.198482 
    19470.0000  -1.497117   0.298741  -1.198376 
    19500.0000  -1.500309   0.300467  -1.199842 
    19530.0000  -1.498436   0.299515  -1.198921 
    19560.0000  -1.500959   0.300345  -1.200615 
    19590.0000  -1.501230   0.299702  -1.201528 
    19620.0000  -1.500195   0.299363  -1.200832 
    19650.0000  -1.498289   0.300195  -1.198093 
    19680.0000  -1.500050   0.300129  -1.199922 
    19710.0000  -1.499576   0.300199  -1.199377 
    19740.0000  -1.496270   0.295363  -1.200907 
    19770.0000  -1.499163   0.301650  -1.197513 
    19800.0000  -1.497891   0.298783  -1.199109 
    19830.0000  -1.498371   0.299898  -1.198474 
    19860.0000  -1.499655   0.300111  -1.199544 
    19890.0000  -1.500391   0.299692  -1.200699 
    19920.0000  -1.498467   0.297591  -1.200876 
    19950.0000  -1.499709   0.298584  -1.201125 
    19980.0000  -1.499070   0.298367  -1.200703 
    20010.0000  -1.499321   0.299838  -1.199483 
    20040.0000  -1.499229   0.301061  -1.198169 
    20070.0000  -1.496966   0.303846  -1.193121 
    20100.0000  -1.494257   0.302235  -1.192021 
    20130.0000  -1.494146   0.302488  -1.191659 
    20160.0000  -1.494291   0.302997  -1.191294 
    20190.0000  -1.497177   0.303738  -1.193439 
    20220.0000  -1.495852   0.300672  -1.195180 
    20250.0000  -1.497075   0.299783  -1.197292 
    20280.0000  -1.499297   0.300428  -1.198869 
    20310.0000  -1.500864   0.300857  -1.200007 
    20340.0000  -1.499914   0.300003  -1.199910 
    20370.0000  -1.497992   0.300167  -1.197825 
    20400.0000  -1.499903   0.300931  -1.198972 
    20430.0000  -1.499435   0.299488  -1.199947 
    20460.0000  -1.498492   0.300102  -1.198390 
    20490.0000  -1.497011   0.298530  -1.198481 
    20520.0000  -1.498740   0.300469  -1.198272 
    20550.0000  -1.497524   0.300046  -1.197478 
    20580.0000  -1.499497   0.300997  -1.198500 
    20610.0000  -1.497297   0.301915  -1.195382 
    20640.0000  -1.496927   0.301687  -1.195240 
    20670.0000  -1.495508   0.301260  -1.194248 
    20700.0000  -1.495840   0.301101  -1.194739 
    20730.0000  -1.498992   0.301334  -1.197658 
    20760.0000  -1.499633   0.300882  -1.198751 
    20790.0000  -1.498877   0.299132  -1.199745 
    20820.0000  -1.498197   0.299133  -1.199064 
    20850.0000  -1.499905   0.300135  -1.199770 
    20880.0000  -1.498923   0.300794  -1.198129 
    20910.0000  -1.498422   0.299827  -1.198596 
    20940.0000  -1.497919   0.299928  -1.197990 
    20970.0000  -1.497183   0.299845  -1.197338 
    21000.0000  -1.498158   0.301167  -1.196991 
    21030.0000  -1.495646   0.298540  -1.197107 
    21060.0000  -1.496492   0.301361  -1.195131 
    21090.0000  -1.497064   0.303185  -1.193879 
    21120.0000  -1.496229   0.300077  -1.196152 
    21150.0000  -1.498906   0.301684  -1.197222 
    21180.0000  -1.500996   0.302516  -1.198481 
    21210.0000  -1.499459   0.298726  -1.200732 
    21240.0000  -1.501248   0.300968  -1.200280 
    21270.0000  -1.497874   0.298895  -1.198979 
    21300.0000  -1.498206   0.299897  -1.198309 
    21330.0000  -1.498523   0.300635  -1.197887 
    21360.0000  -1.498702   0.301630  -1.197072 
    21390.0000  -1.498237   0.301116  -1.197122 
    21420.0000  -1.499292   0.299823  -1.199469 
    21450.0000  -1.500511   0.300006  -1.200505 
    21480.0000  -1.500763   0.299388  -1.201376 
    21510.0000  -1.497580   0.298699  -1.198881 
    21540.0000  -1.498083   0.300287  -1.197796 
    21570.0000  -1.496799   0.301396  -1.195402 
    21600.0000  -1.497710   0.301794  -1.195915 
    21630.0000  -1.496070   0.301290  -1.194780 
    21660.0000  -1.499330   0.301877  -1.197453 
    21690.0000  -1.501181   0.301314  -1.199867 
    21720.0000  -1.500437   0.301744  -1.198694 
    21750.0000  -1.499744   0.300322  -1.199422 
    21780.0000  -1.498961   0.301202  -1.197758 
    21810.0000  -1.498134   0.300555  -1.197580 
    21840.0000  -1.497268   0.299160  -1.198108 
    21870.0000  -1.498074   0.300290  -1.197784 
    21900.0000  -1.499801   0.300138  -1.199663 
    21930.0000  -1.499464   0.300705  -1.198758 
    21960.0000  -1.498075   0.300238  -1.197838 
    21990.0000  -1.498131   0.299236  -1.198895 
    22020.0000  -1.500121   0.299674  -1.200447 
    22050.0000  -1.501409   0.298688  -1.202721 
    22080.0000  -1.499315   0.298077  -1.201237 
    22110.0000  -1.498955   0.299462  -1.199493 
    22140.0000  -1.500293   0.300152  -1.200142 
    22170.0000  -1.499252   0.299258  -1.199994 
    22200.0000  -1.499609   0.300697  -1.198912 
    22230.0000  -1.500134   0.301986  -1.198148 
    22260.0000  -1.498659   0.301355  -1.197304 
    22290.0000  -1.499819   0.301226  -1.198593 
    22320.0000  -1.498716   0.298701  -1.200016 
    22350.0000  -1.497510   0.298806  -1.198704 
    22380.0000  -1.498909   0.300694  -1.198215 
    22410.0000  -1.499415   0.299884  -1.199531 
    22440.0000  -1.499688   0.299230  -1.200458 
    22470.0000  -1.499794   0.298330  -1.201464 
    22500.0000  -1.499503   0.298145  -1.201358 
    22530.0000  -1.499562   0.299605  -1.199958 
    22560.0000  -1.498648   0.300439  -1.198209 
    22590.0000  -1.499705   0.300505  -1.199200 
    22620.0000  -1.500535   0.299180  -1.201355 
    22650.0000  -1.500642   0.299672  -1.200970 
    22680.0000  -1.499754   0.300113  -1.199641 
    22710.0000  -1.501523   0.299203  -1.202320 
    22740.0000  -1.501209   0.298596  -1.202613 
    22770.0000  -1.501703   0.298599  -1.203104 
    22800.0000  -1.501328   0.298367  -1.202962 
    22830.0000  -1.503246   0.298343  -1.204903 
    22860.0000  -1.501181   0.298227  -1.202954 
    22890.0000  -1.499996   0.299309  -1.200687 
    22920.0000  -1.497983   0.300777  -1.197206 
    22950.0000  -1.498113   0.299617  -1.198496 
    22980.0000  -1.497883   0.300118  -1.197765 
    23010.0000  -1.498148   0.300231  -1.197917 
    23040.0000  -1.498462   0.300532  -1.197930 
    23070.0000  -1.499203   0.302149  -1.197054 
    23100.0000  -1.496568   0.300376  -1.196192 
    23130.0000  -1.495781   0.299418  -1.196363 
    23160.0000  -1.494914   0.299590  -1.195324 
    23190.0000  -1.496876   0.301901  -1.194975 
    23220.0000  -1.498402   0.301962  -1.196441 
    23250.0000  -1.497072   0.301025  -1.196047 
    23280.0000  -1.495818   0.300425  -1.195394 
    23310.0000  -1.498039   0.300910  -1.197129 
    23340.0000  -1.499446   0.301805  -1.197641 
    23370.0000  -1.496568   0.300032  -1.196536 
    23400.0000  -1.498423   0.301958  -1.196465 
    23430.0000  -1.499732   0.301915  -1.197817 
    23460.0000  -1.496619   0.301221  -1.195397 
    23490.0000  -1.497546   0.300052  -1.197494 
    23520.0000  -1.498393   0.301929  -1.196463 
    23550.0000  -1.497052   0.299532  -1.197520 
    23580.0000  -1.497967   0.297952  -1.200014 
    23610.0000  -1.498692   0.302718  -1.195974 
    23640.0000  -1.498189   0.299421  -1.198769 
    23670.0000  -1.496248   0.298562  -1.197686 
    23700.0000  -1.499385   0.302492  -1.196893 
    23730.0000  -1.497862   0.297302  -1.200560 
    23760.0000  -1.500176   0.297575  -1.202601 
    23790.0000  -1.500063   0.298834  -1.201229 
    23820.0000  -1.498073   0.300062  -1.198011 
    23850.0000  -1.496829   0.300136  -1.196693 
    23880.0000  -1.498994   0.299338  -1.199656 
    23910.0000  -1.498797   0.301181  -1.197616 
    23940.0000  -1.498611   0.300283  -1.198328 
    23970.0000  -1.499825   0.300373  -1.199452 
    24000.0000  -1.500987   0.301664  -1.199323 
    24030.0000  -1.500659   0.299211  -1.201448 
    24060.0000  -1.499241   0.300335  -1.198906 
    24090.0000  -1.497593   0.298909  -1.198684 
    24120.0000  -1.498687   0.298220  -1.200468 
    24150.0000  -1.500150   0.301646  -1.198504 
    24180.0000  -1.498433   0.301636  -1.196798 
    24210.0000  -1.498527   0.301342  -1.197186 
    24240.0000  -1.499144   0.299943  -1.199202 
    24270.0000  -1.499188   0.298581  -1.200608 
    24300.0000  -1.501185   0.302382  -1.198802 
    24330.0000  -1.500694   0.299349  -1.201345 
    24360.0000  -1.503717   0.299053  -1.204664 
    24390.0000  -1.498863   0.299200  -1.199663 
    24420.0000  -1.499214   0.299745  -1.199468 
    24450.0000  -1.499351   0.300018  -1.199333 
    24480.0000  -1.499455   0.296771  -1.202684 
    24510.0000  -1.501319   0.299731  -1.201588 
    24540.0000  -1.499330   0.298996  -1.200334 
    24570.0000  -1.500536   0.301639  -1.198897 
    24600.0000  -1.495461   0.299677  -1.195784 
    24630.0000  -1.496883   0.302383  -1.194500 
    24660.0000  -1.498684   0.303832  -1.194852 
    24690.0000  -1.496165   0.303135  -1.193031 
    24720.0000  -1.496773   0.301408  -1.195365 
    24750.0000  -1.497572   0.300682  -1.196890 
    24780.0000  -1.497524   0.301418  -1.196106 
    24810.0000  -1.497027   0.300669  -1.196357 
    24840.0000  -1.498513   0.301698  -1.196815 
    24870.0000  -1.497973   0.299106  -1.198867 
    24900.0000  -1.500357   0.301451  -1.198906 
    24930.0000  -1.500552   0.301071  -1.199482 
    24960.0000  -1.497991   0.300655  -1.197335 
    24990.0000  -1.500683   0.302700  -1.197982 
    25020.0000  -1.498606   0.300816  -1.197790 
    25050.0000  -1.497824   0.302092  -1.195733 
    25080.0000  -1.494268   0.302192  -1.192076 
    25110.0000  -1.495669   0.302895  -1.192774 
    25140.0000  -1.494826   0.302173  -1.192653 
    25170.0000  -1.497246   0.302246  -1.195000 
    25200.0000  -1.497123   0.302401  -1.194722 
    25230.0000  -1.498001   0.302966  -1.195035 
    25260.0000  -1.497955   0.301826  -1.196130 
    25290.0000  -1.499090   0.300259  -1.198831 
    25320.0000  -1.499554   0.298127  -1.201427 
    25350.0000  -1.497682   0.298879  -1.198803 
    25380.0000  -1.499384   0.301593  -1.197791 
    25410.0000  -1.500945   0.301275  -1.199670 
    25440.0000  -1.497866   0.299653  -1.198214 
    25470.0000  -1.497515   0.301435  -1.196080 
    25500.0000  -1.496844   0.302432  -1.194413 
    25530.0000  -1.497660   0.300906  -1.196754 
    25560.0000  -1.498674   0.301061  -1.197614 
    25590.0000  -1.497231   0.300281  -1.196950 
    25620.0000  -1.496808   0.301149  -1.195659 
    25650.0000  -1.497126   0.300629  -1.196497 
    25680.0000  -1.498244   0.301598  -1.196646 
    25710.0000  -1.497063   0.301517  -1.195546 
    25740.0000  -1.497881   0.300387  -1.197494 
    25770.0000  -1.497756   0.302464  -1.195293 
    25800.0000  -1.496950   0.300525  -1.196424 
    25830.0000  -1.494606   0.300050  -1.194555 
    25860.0000  -1.495650   0.302297  -1.193353 
    25890.0000  -1.496535   0.302834  -1.193702 
    25920.0000  -1.497480   0.303102  -1.194379 
    25950.0000  -1.498060   0.301443  -1.196617 
    25980.0000  -1.497492   0.300337  -1.197155 
    26010.0000  -1.498385   0.299200  -1.199185 
    26040.0000  -1.501251   0.303331  -1.197919 
    26070.0000  -1.498355   0.300958  -1.197397 
    26100.0000  -1.499233   0.300787  -1.198446 
    26130.0000  -1.500306   0.299119  -1.201187 
    26160.0000  -1.501553   0.300539  -1.201014 
    26190.0000  -1.501681   0.300773  -1.200908 
    26220.0000  -1.498085   0.300236  -1.197849 
    26250.0000  -1.499915   0.300672  -1.199244 
    26280.0000  -1.500389   0.299952  -1.200437 
    26310.0000  -1.500813   0.300271  -1.200542 
    26340.0000  -1.500151   0.297976  -1.202175 
    26370.0000  -1.499268   0.297846  -1.201422 
    26400.0000  -1.498425   0.298886  -1.199538 
    26430.0000  -1.498392   0.298666  -1.199726 
    26460.0000  -1.500092   0.301821  -1.198272 
    26490.0000  -1.497861   0.300961  -1.196900 
    26520.0000  -1.499404   0.301709  -1.197695 
    26550.0000  -1.498464   0.299943  -1.198521 
    26580.0000  -1.498092   0.302720  -1.195372 
    26610.0000  -1.499116   0.302067  -1.197049 
    26640.0000  -1.498022   0.301004  -1.197018 
    26670.0000  -1.497103   0.297590  -1.199513 
    26700.0000  -1.497147   0.299280  -1.197867 
    26730.0000  -1.499518   0.301195  -1.198323 
    26760.0000  -1.499469   0.298726  -1.200743 
    26790.0000  -1.497556   0.298451  -1.199105 
    26820.0000  -1.500491   0.299253  -1.201238 
    26850.0000  -1.500352   0.300741  -1.199611 
    26880.0000  -1.498598   0.297812  -1.200785 
    26910.0000  -1.498912   0.298266  -1.200645 
    26940.0000  -1.500141   0.299271  -1.200870 
    26970.0000  -1.498596   0.297803  -1.200793 
    27000.0000  -1.499357   0.299291  -1.200066 
    27030.0000  -1.500074   0.297884  -1.202190 
    27060.0000  -1.502518   0.299552  -1.202966 
    27090.0000  -1.498973   0.298593  -1.200380 
    27120.0000  -1.498601   0.299578  -1.199022 
    27150.0000  -1.498553   0.298942  -1.199611 
    27180.0000  -1.499359   0.300607  -1.198752 
    27210.0000  -1.497191   0.298069  -1.199122 
    27240.0000  -1.499856   0.301010  -1.198847 
    27270.0000  -1.497100   0.298734  -1.198366 
    27300.0000  -1.500139   0.299492  -1.200646 
    27330.0000  -1.499977   0.300346  -1.199631 
    27360.0000  -1.497896   0.299831  -1.198065 
    27390.0000  -1.499417   0.300355  -1.199061 
    27420.0000  -1.497665   0.300667  -1.196998 
    27450.0000  -1.497004   0.299016  -1.197988 
    27480.0000  -1.497682   0.300298  -1.197384 
    27510.0000  -1.499061   0.300078  -1.198982 
    27540.0000  -1.499311   0.302169  -1.197143 
    27570.0000  -1.495784   0.299476  -1.196308 
    27600.0000  -1.498198   0.300524  -1.197675 
    27630.0000  -1.499966   0.301419  -1.198547 
    27660.0000  -1.500586   0.299621  -1.200966 
    27690.0000  -1.500370   0.298493  -1.201877 
    27720.0000  -1.503189   0.300678  -1.202511 
    27750.0000  -1.499637   0.296783  -1.202854 
    27780.0000  -1.501926   0.297188  -1.204737 
    27810.0000  -1.503005   0.300060  -1.202946 
    27840.0000  -1.499042   0.296508  -1.202534 
    27870.0000  -1.501342   0.300686  -1.200656 
    27900.0000  -1.499751   0.298987  -1.200764 
    27930.0000  -1.499239   0.299345  -1.199894 
    27960.0000  -1.501754   0.300079  -1.201674 
    27990.0000  -1.500290   0.298984  -1.201307 
    28020.0000  -1.502133   0.299961  -1.202172 
    28050.0000  -1.501119   0.299062  -1.202056 
    28080.0000  -1.499021   0.297998  -1.201023 
    28110.0000  -1.498526   0.300022  -1.198504 
    28140.0000  -1.497022   0.299193  -1.197829 
    28170.0000  -1.498959   0.301167  -1.197791 
    28200.0000  -1.498089   0.301002  -1.197087 
    28230.0000  -1.497123   0.301331  -1.195792 
    28260.0000  -1.497326   0.299822  -1.197504 
    28290.0000  -1.497161   0.300895  -1.196267 
    28320.0000  -1.495992   0.302367  -1.193626 
    28350.0000  -1.498787   0.302574  -1.196213 
    28380.0000  -1.499224   0.301174  -1.198050 
    28410.0000  -1.500828   0.301434  -1.199394 
    28440.0000  -1.499044   0.298163  -1.200881 
    28470.0000  -1.498032   0.299414  -1.198618 
    28500.0000  -1.498343   0.299673  -1.198670 
    28530.0000  -1.500157   0.300455  -1.199702 
    28560.0000  -1.499638   0.300789  -1.198849 
    28590.0000  -1.499343   0.299507  -1.199837 
    28620.0000  -1.497858   0.300759  -1.197099 
    28650.0000  -1.497740   0.301105  -1.196635 
    28680.0000  -1.496587   0.301225  -1.195361 
    28710.0000  -1.497925   0.303439  -1.194486 
    28740.0000  -1.496472   0.301582  -1.194890 
    28770.0000  -1.496819   0.302085  -1.194734 
    28800.0000  -1.496801   0.301290  -1.195511 
    28830.0000  -1.501372   0.302877  -1.198495 
    28860.0000  -1.497705   0.299979  -1.197726 
    28890.0000  -1.499605   0.300482  -1.199123 
    28920.0000  -1.497653   0.300203  -1.197450 
    28950.0000  -1.499778   0.298866  -1.200912 
    28980.0000  -1.500147   0.299352  -1.200795 
    29010.0000  -1.499970   0.299199  -1.200771 
    29040.0000  -1.498355   0.297471  -1.200884 
    29070.0000  -1.499687   0.301941  -1.197746 
    29100.0000  -1.500224   0.300005  -1.200219 
    29130.0000  -1.499915   0.300405  -1.199509 
    29160.0000  -1.500035   0.299569  -1.200466 
    29190.0000  -1.500973   0.300296  -1.200677 
    29220.0000  -1.501759   0.300254  -1.201506 
    29250.0000  -1.498659   0.299599  -1.199059 
    29280.0000  -1.503126   0.300426  -1.202700 
    29310.0000  -1.500989   0.300012  -1.200977 
    29340.0000  -1.499264   0.299970  -1.199294 
    29370.0000  -1.499377   0.299917  -1.199460 
    29400.0000  -1.500934   0.300176  -1.200758 
    29430.0000  -1.499507   0.300285  -1.199222 
    29460.0000  -1.499591   0.300803  -1.198788 
    29490.0000  -1.496953   0.299818  -1.197135 
    29520.0000  -1.500290   0.300872  -1.199418 
    29550.0000  -1.501508   0.300436  -1.201072 
    29580.0000  -1.497649   0.299181  -1.198467 
    29610.0000  -1.498258   0.299797  -1.198461 
    29640.0000  -1.499886   0.299528  -1.200357 
    29670.0000  -1.497640   0.298870  -1.198771 
    29700.0000  -1.497925   0.299689  -1.198236 
    29730.0000  -1.500150   0.300977  -1.199173 
    29760.0000  -1.499198   0.298444  -1.200754 
    29790.0000  -1.498549   0.300271  -1.198277 
    29820.0000  -1.498332   0.301262  -1.197071 
    29850.0000  -1.497228   0.300985  -1.196243 
    29880.0000  -1.495270   0.300537  -1.194733 
    29910.0000  -1.498975   0.299708  -1.199267 
    29940.0000  -1.499920   0.300140  -1.199781 
    29970.0000  -1.498106   0.298297  -1.199809 
    30000.0000  -1.498154   0.300894  -1.197259 
