        0.0000  -0.252405   0.301366   0.048961 
        0.1000  -1.397101   0.301366  -1.095735 
        0.2000  -1.441893   0.301366  -1.140527 
        0.3000  -1.477163   0.301366  -1.175797 
        0.4000  -1.507238   0.301366  -1.205872 
        0.5000  -1.532350   0.301366  -1.230983 
        0.6000  -1.552107   0.301366  -1.250741 
        0.7000  -1.567647   0.301366  -1.266281 
        0.8000  -1.580048   0.301366  -1.278682 
        0.9000  -1.590053   0.301366  -1.288687 
        1.0000  -1.598071   0.301366  -1.296705 
        1.1000  -1.604531   0.301366  -1.303164 
        1.2000  -1.609896   0.301366  -1.308529 
        1.3000  -1.614440   0.301366  -1.313074 
        1.4000  -1.618317   0.301366  -1.316950 
        1.5000  -1.621738   0.301366  -1.320372 
        1.6000  -1.624915   0.301366  -1.323549 
        1.7000  -1.627877   0.301366  -1.326511 
        1.8000  -1.630886   0.301366  -1.329520 
        1.9000  -1.633648   0.301366  -1.332282 
        2.0000  -1.636279   0.301366  -1.334913 
        2.1000  -1.638877   0.301366  -1.337510 
        2.2000  -1.641443   0.301366  -1.340077 
        2.3000  -1.643905   0.301366  -1.342539 
        2.4000  -1.646281   0.301366  -1.344914 
        2.5000  -1.648602   0.301366  -1.347236 
        2.6000  -1.650882   0.301366  -1.349516 
        2.7000  -1.653119   0.301366  -1.351753 
        2.8000  -1.655312   0.301366  -1.353946 
        2.9000  -1.657460   0.301366  -1.356094 
        3.0000  -1.659565   0.301366  -1.358199 
        3.1000  -1.661623   0.301366  -1.360256 
        3.2000  -1.663635   0.301366  -1.362269 
        3.3000  -1.665592   0.301366  -1.364226 
        3.4000  -1.667492   0.301366  -1.366126 
        3.5000  -1.669343   0.301366  -1.367977 
        3.6000  -1.671152   0.301366  -1.369786 
        3.7000  -1.672918   0.301366  -1.371551 
        3.8000  -1.674649   0.301366  -1.373283 
        3.9000  -1.676351   0.301366  -1.374985 
        4.0000  -1.678022   0.301366  -1.376656 
        4.1000  -1.679657   0.301366  -1.378291 
        4.2000  -1.681259   0.301366  -1.379893 
        4.3000  -1.682840   0.301366  -1.381474 
        4.4000  -1.684388   0.301366  -1.383022 
        4.5000  -1.685891   0.301366  -1.384525 
        4.6000  -1.687353   0.301366  -1.385987 
        4.7000  -1.688794   0.301366  -1.387427 
        4.8000  -1.690201   0.301366  -1.388835 
        4.9000  -1.691563   0.301366  -1.390197 
        5.0000  -1.692916   0.301366  -1.391549 
        5.1000  -1.694242   0.301366  -1.392876 
        5.2000  -1.695561   0.301366  -1.394195 
        5.3000  -1.696823   0.301366  -1.395457 
        5.4000  -1.698056   0.301366  -1.396689 
        5.5000  -1.699248   0.301366  -1.397881 
        5.6000  -1.700407   0.301366  -1.399041 
        5.7000  -1.701711   0.301366  -1.400344 
        5.8000  -1.702733   0.301366  -1.401366 
        5.9000  -1.703885   0.301366  -1.402518 
        6.0000  -1.705154   0.301366  -1.403788 
        6.1000  -1.705999   0.301366  -1.404633 
        6.2000  -1.707585   0.301366  -1.406219 
        6.3000  -1.708170   0.301366  -1.406804 
        6.4000  -1.709554   0.301366  -1.408188 
        6.5000  -1.710751   0.301366  -1.409384 
        6.6000  -1.711548   0.301366  -1.410182 
        6.7000  -1.712251   0.301366  -1.410885 
        6.8000  -1.707186   0.301366  -1.405819 
        6.9000  -1.707384   0.301366  -1.406017 
        7.0000  -1.708799   0.301366  -1.407433 
        7.1000  -1.714657   0.301366  -1.413291 
        7.2000  -1.713312   0.301366  -1.411946 
        7.3000  -1.712528   0.301366  -1.411162 
        7.4000  -1.716098   0.301366  -1.414732 
        7.5000  -1.715178   0.301366  -1.413812 
        7.6000  -1.714683   0.301366  -1.413317 
        7.7000  -1.717790   0.301366  -1.416424 
        7.8000  -1.716723   0.301366  -1.415357 
        7.9000  -1.718776   0.301366  -1.417410 
        8.0000  -1.718935   0.301366  -1.417569 
        8.1000  -1.718489   0.301366  -1.417123 
        8.2000  -1.719559   0.301366  -1.418192 
        8.3000  -1.720791   0.301366  -1.419425 
        8.4000  -1.720752   0.301366  -1.419386 
        8.5000  -1.720702   0.301366  -1.419336 
        8.6000  -1.721343   0.301366  -1.419977 
        8.7000  -1.722277   0.301366  -1.420910 
        8.8000  -1.722787   0.301366  -1.421421 
        8.9000  -1.723045   0.301366  -1.421679 
        9.0000  -1.723297   0.301366  -1.421930 
        9.1000  -1.723668   0.301366  -1.422301 
        9.2000  -1.724187   0.301366  -1.422820 
        9.3000  -1.724744   0.301366  -1.423378 
        9.4000  -1.725141   0.301366  -1.423775 
        9.5000  -1.725447   0.301366  -1.424081 
        9.6000  -1.725813   0.301366  -1.424447 
        9.7000  -1.726246   0.301366  -1.424880 
        9.8000  -1.726652   0.301366  -1.425286 
        9.9000  -1.727011   0.301366  -1.425645 
       10.0000  -1.727362   0.301366  -1.425995 
       10.1000  -1.727722   0.301366  -1.426356 
       10.2000  -1.728078   0.301366  -1.426712 
       10.3000  -1.728420   0.301366  -1.427053 
       10.4000  -1.728745   0.301366  -1.427379 
       10.5000  -1.729059   0.301366  -1.427693 
       10.6000  -1.729362   0.301366  -1.427996 
       10.7000  -1.729650   0.301366  -1.428284 
       10.8000  -1.729921   0.301366  -1.428554 
       10.9000  -1.730170   0.301366  -1.428803 
       11.0000  -1.730367   0.301366  -1.429000 
       11.1000  -1.730526   0.301366  -1.429160 
       11.2000  -1.730735   0.301366  -1.429369 
       11.3000  -1.731066   0.301366  -1.429699 
       11.4000  -1.731430   0.301366  -1.430064 
       11.5000  -1.732020   0.301366  -1.430654 
       11.6000  -1.731936   0.301366  -1.430569 
       11.7000  -1.733103   0.301366  -1.431737 
       11.8000  -1.732883   0.301366  -1.431517 
       11.9000  -1.732688   0.301366  -1.431322 
       12.0000  -1.732907   0.301366  -1.431541 
       12.1000  -1.733072   0.301366  -1.431706 
       12.2000  -1.733417   0.301366  -1.432051 
       12.3000  -1.733619   0.301366  -1.432253 
       12.4000  -1.734022   0.301366  -1.432656 
       12.5000  -1.734180   0.301366  -1.432814 
       12.6000  -1.734291   0.301366  -1.432925 
       12.7000  -1.734750   0.301366  -1.433384 
       12.8000  -1.734817   0.301366  -1.433451 
       12.9000  -1.735073   0.301366  -1.433707 
       13.0000  -1.735468   0.301366  -1.434102 
       13.1000  -1.735869   0.301366  -1.434503 
       13.2000  -1.735843   0.301366  -1.434477 
       13.3000  -1.736298   0.301366  -1.434932 
       13.4000  -1.736522   0.301366  -1.435156 
       13.5000  -1.736386   0.301366  -1.435019 
       13.6000  -1.736922   0.301366  -1.435556 
       13.7000  -1.736929   0.301366  -1.435563 
       13.8000  -1.737191   0.301366  -1.435825 
       13.9000  -1.737309   0.301366  -1.435943 
       14.0000  -1.737480   0.301366  -1.436114 
       14.1000  -1.737439   0.301366  -1.436072 
       14.2000  -1.737582   0.301366  -1.436216 
       14.3000  -1.739594   0.301366  -1.438228 
       14.4000  -1.739055   0.301366  -1.437689 
       14.5000  -1.738401   0.301366  -1.437034 
       14.6000  -1.738430   0.301366  -1.437064 
       14.7000  -1.738877   0.301366  -1.437511 
       14.8000  -1.739944   0.301366  -1.438578 
       14.9000  -1.739383   0.301366  -1.438016 
       15.0000  -1.739056   0.301366  -1.437689 
       15.1000  -1.740671   0.301366  -1.439305 
       15.2000  -1.740115   0.301366  -1.438749 
       15.3000  -1.739558   0.301366  -1.438192 
       15.4000  -1.742451   0.301366  -1.441085 
       15.5000  -1.741817   0.301366  -1.440451 
       15.6000  -1.741284   0.301366  -1.439918 
       15.7000  -1.740609   0.301366  -1.439243 
       15.8000  -1.743050   0.301366  -1.441683 
       15.9000  -1.742300   0.301366  -1.440934 
       16.0000  -1.741754   0.301366  -1.440387 
       16.1000  -1.741038   0.301366  -1.439672 
       16.2000  -1.744593   0.301366  -1.443227 
       16.3000  -1.743932   0.301366  -1.442566 
       16.4000  -1.743353   0.301366  -1.441986 
       16.5000  -1.742780   0.301366  -1.441414 
       16.6000  -1.742077   0.301366  -1.440711 
       16.7000  -1.744175   0.301366  -1.442809 
       16.8000  -1.743457   0.301366  -1.442091 
       16.9000  -1.742866   0.301366  -1.441499 
       17.0000  -1.742147   0.301366  -1.440780 
       17.1000  -1.745567   0.301366  -1.444200 
       17.2000  -1.745005   0.301366  -1.443639 
       17.3000  -1.744426   0.301366  -1.443060 
       17.4000  -1.743868   0.301366  -1.442501 
       17.5000  -1.743223   0.301366  -1.441857 
       17.6000  -1.744449   0.301366  -1.443082 
       17.7000  -1.744936   0.301366  -1.443570 
       17.8000  -1.744361   0.301366  -1.442995 
       17.9000  -1.743739   0.301366  -1.442372 
       18.0000  -1.743268   0.301366  -1.441901 
       18.1000  -1.745797   0.301366  -1.444431 
       18.2000  -1.745198   0.301366  -1.443832 
       18.3000  -1.744498   0.301366  -1.443131 
       18.4000  -1.743669   0.301366  -1.442303 
       18.5000  -1.746629   0.301366  -1.445263 
       18.6000  -1.745996   0.301366  -1.444630 
       18.7000  -1.745258   0.301366  -1.443892 
       18.8000  -1.744437   0.301366  -1.443071 
       18.9000  -1.746733   0.301366  -1.445366 
       19.0000  -1.746843   0.301366  -1.445476 
       19.1000  -1.746069   0.301366  -1.444703 
       19.2000  -1.745264   0.301366  -1.443898 
       19.3000  -1.745653   0.301366  -1.444287 
       19.4000  -1.746535   0.301366  -1.445169 
       19.5000  -1.749224   0.301366  -1.447857 
       19.6000  -1.746906   0.301366  -1.445540 
       19.7000  -1.747401   0.301366  -1.446035 
       19.8000  -1.749128   0.301366  -1.447762 
       19.9000  -1.749715   0.301366  -1.448349 
       20.0000  -1.748661   0.301366  -1.447295 
       20.1000  -1.748434   0.301366  -1.447068 
       20.2000  -1.749014   0.301366  -1.447648 
       20.3000  -1.749026   0.301366  -1.447660 
       20.4000  -1.749533   0.301366  -1.448167 
       20.5000  -1.750664   0.301366  -1.449298 
       20.6000  -1.750209   0.301366  -1.448843 
       20.7000  -1.748138   0.301366  -1.446772 
       20.8000  -1.749927   0.301366  -1.448561 
       20.9000  -1.749018   0.301366  -1.447651 
       21.0000  -1.749447   0.301366  -1.448080 
       21.1000  -1.749337   0.301366  -1.447970 
       21.2000  -1.751696   0.301366  -1.450329 
       21.3000  -1.752065   0.301366  -1.450699 
       21.4000  -1.751341   0.301366  -1.449975 
       21.5000  -1.750717   0.301366  -1.449351 
       21.6000  -1.751476   0.301366  -1.450110 
       21.7000  -1.751543   0.301366  -1.450177 
       21.8000  -1.751154   0.301366  -1.449788 
       21.9000  -1.751504   0.301366  -1.450138 
       22.0000  -1.751274   0.301366  -1.449908 
       22.1000  -1.748897   0.301366  -1.447531 
       22.2000  -1.751071   0.301366  -1.449704 
       22.3000  -1.752622   0.301366  -1.451256 
       22.4000  -1.752206   0.301366  -1.450840 
       22.5000  -1.753278   0.301366  -1.451912 
       22.6000  -1.752284   0.301366  -1.450918 
       22.7000  -1.752158   0.301366  -1.450792 
       22.8000  -1.750688   0.301366  -1.449322 
       22.9000  -1.751990   0.301366  -1.450624 
       23.0000  -1.751747   0.301366  -1.450381 
       23.1000  -1.751270   0.301366  -1.449904 
       23.2000  -1.753586   0.301366  -1.452220 
       23.3000  -1.751461   0.301366  -1.450095 
       23.4000  -1.752174   0.301366  -1.450808 
       23.5000  -1.751233   0.301366  -1.449867 
       23.6000  -1.749866   0.301366  -1.448500 
       23.7000  -1.752345   0.301366  -1.450979 
       23.8000  -1.750863   0.301366  -1.449497 
       23.9000  -1.751527   0.301366  -1.450161 
       24.0000  -1.751957   0.301366  -1.450590 
       24.1000  -1.751019   0.301366  -1.449653 
       24.2000  -1.752743   0.301366  -1.451376 
       24.3000  -1.751209   0.301366  -1.449842 
       24.4000  -1.752797   0.301366  -1.451431 
       24.5000  -1.750465   0.301366  -1.449099 
       24.6000  -1.752306   0.301366  -1.450940 
       24.7000  -1.753879   0.301366  -1.452513 
       24.8000  -1.754073   0.301366  -1.452707 
       24.9000  -1.754443   0.301366  -1.453077 
       25.0000  -1.753843   0.301366  -1.452477 
       25.1000  -1.752529   0.301366  -1.451162 
       25.2000  -1.753191   0.301366  -1.451825 
       25.3000  -1.750635   0.301366  -1.449269 
       25.4000  -1.752832   0.301366  -1.451466 
       25.5000  -1.754539   0.301366  -1.453173 
       25.6000  -1.752383   0.301366  -1.451017 
       25.7000  -1.750871   0.301366  -1.449505 
       25.8000  -1.750956   0.301366  -1.449590 
       25.9000  -1.752942   0.301366  -1.451576 
       26.0000  -1.752960   0.301366  -1.451594 
       26.1000  -1.753979   0.301366  -1.452613 
       26.2000  -1.753275   0.301366  -1.451908 
       26.3000  -1.754593   0.301366  -1.453227 
       26.4000  -1.752143   0.301366  -1.450777 
       26.5000  -1.751445   0.301366  -1.450079 
       26.6000  -1.753392   0.301366  -1.452026 
       26.7000  -1.753822   0.301366  -1.452456 
       26.8000  -1.751770   0.301366  -1.450403 
       26.9000  -1.753577   0.301366  -1.452211 
       27.0000  -1.753096   0.301366  -1.451730 
       27.1000  -1.754555   0.301366  -1.453189 
       27.2000  -1.755639   0.301366  -1.454273 
       27.3000  -1.753358   0.301366  -1.451992 
       27.4000  -1.752992   0.301366  -1.451626 
       27.5000  -1.752947   0.301366  -1.451581 
       27.6000  -1.753618   0.301366  -1.452252 
       27.7000  -1.755952   0.301366  -1.454586 
       27.8000  -1.754160   0.301366  -1.452793 
       27.9000  -1.753658   0.301366  -1.452292 
       28.0000  -1.753878   0.301366  -1.452512 
       28.1000  -1.752423   0.301366  -1.451057 
       28.2000  -1.753342   0.301366  -1.451976 
       28.3000  -1.753747   0.301366  -1.452381 
       28.4000  -1.753644   0.301366  -1.452278 
       28.5000  -1.753444   0.301366  -1.452078 
       28.6000  -1.753596   0.301366  -1.452230 
       28.7000  -1.753876   0.301366  -1.452510 
       28.8000  -1.753963   0.301366  -1.452597 
       28.9000  -1.753869   0.301366  -1.452503 
       29.0000  -1.753932   0.301366  -1.452566 
       29.1000  -1.756949   0.301366  -1.455583 
       29.2000  -1.754382   0.301366  -1.453015 
       29.3000  -1.756261   0.301366  -1.454895 
       29.4000  -1.755557   0.301366  -1.454191 
       29.5000  -1.752629   0.301366  -1.451263 
       29.6000  -1.752420   0.301366  -1.451053 
       29.7000  -1.752342   0.301366  -1.450976 
       29.8000  -1.752083   0.301366  -1.450717 
       29.9000  -1.751887   0.301366  -1.450520 
       30.0000  -1.751741   0.301366  -1.450374 
       30.1000  -1.751655   0.301366  -1.450289 
       30.2000  -1.751569   0.301366  -1.450203 
       30.3000  -1.751465   0.301366  -1.450099 
       30.4000  -1.751483   0.301366  -1.450116 
       30.5000  -1.751537   0.301366  -1.450171 
       30.6000  -1.751608   0.301366  -1.450242 
       30.7000  -1.751671   0.301366  -1.450304 
       30.8000  -1.751754   0.301366  -1.450388 
       30.9000  -1.751851   0.301366  -1.450485 
       31.0000  -1.751954   0.301366  -1.450587 
       31.1000  -1.752061   0.301366  -1.450695 
       31.2000  -1.752173   0.301366  -1.450807 
       31.3000  -1.752291   0.301366  -1.450925 
       31.4000  -1.752416   0.301366  -1.451049 
       31.5000  -1.752545   0.301366  -1.451179 
       31.6000  -1.752679   0.301366  -1.451313 
       31.7000  -1.752818   0.301366  -1.451452 
       31.8000  -1.752962   0.301366  -1.451595 
       31.9000  -1.753109   0.301366  -1.451742 
       32.0000  -1.753259   0.301366  -1.451893 
       32.1000  -1.753409   0.301366  -1.452043 
       32.2000  -1.753562   0.301366  -1.452196 
       32.3000  -1.753721   0.301366  -1.452355 
       32.4000  -1.753881   0.301366  -1.452515 
       32.5000  -1.754045   0.301366  -1.452679 
       32.6000  -1.754211   0.301366  -1.452844 
       32.7000  -1.754380   0.301366  -1.453014 
       32.8000  -1.754558   0.301366  -1.453191 
       32.9000  -1.754741   0.301366  -1.453375 
       33.0000  -1.754929   0.301366  -1.453563 
       33.1000  -1.755122   0.301366  -1.453756 
       33.2000  -1.755317   0.301366  -1.453951 
       33.3000  -1.755517   0.301366  -1.454150 
       33.4000  -1.755720   0.301366  -1.454354 
       33.5000  -1.755927   0.301366  -1.454561 
       33.6000  -1.756137   0.301366  -1.454771 
       33.7000  -1.756348   0.301366  -1.454982 
       33.8000  -1.756562   0.301366  -1.455196 
       33.9000  -1.756778   0.301366  -1.455411 
       34.0000  -1.756994   0.301366  -1.455628 
       34.1000  -1.757212   0.301366  -1.455845 
       34.2000  -1.757430   0.301366  -1.456063 
       34.3000  -1.757648   0.301366  -1.456282 
       34.4000  -1.757449   0.301366  -1.456082 
       34.5000  -1.757580   0.301366  -1.456214 
       34.6000  -1.756961   0.301366  -1.455594 
       34.7000  -1.756803   0.301366  -1.455436 
       34.8000  -1.757085   0.301366  -1.455719 
       34.9000  -1.757341   0.301366  -1.455975 
       35.0000  -1.757554   0.301366  -1.456188 
       35.1000  -1.756885   0.301366  -1.455519 
       35.2000  -1.757197   0.301366  -1.455831 
       35.3000  -1.757478   0.301366  -1.456112 
       35.4000  -1.757659   0.301366  -1.456293 
       35.5000  -1.757178   0.301366  -1.455812 
       35.6000  -1.757491   0.301366  -1.456125 
       35.7000  -1.757594   0.301366  -1.456228 
       35.8000  -1.757456   0.301366  -1.456090 
       35.9000  -1.757451   0.301366  -1.456085 
       36.0000  -1.757496   0.301366  -1.456130 
       36.1000  -1.757457   0.301366  -1.456090 
       36.2000  -1.757456   0.301366  -1.456090 
       36.3000  -1.757548   0.301366  -1.456182 
       36.4000  -1.757563   0.301366  -1.456197 
       36.5000  -1.757633   0.301366  -1.456267 
       36.6000  -1.757672   0.301366  -1.456305 
       36.7000  -1.757728   0.301366  -1.456362 
       36.8000  -1.757782   0.301366  -1.456416 
       36.9000  -1.757828   0.301366  -1.456461 
       37.0000  -1.757891   0.301366  -1.456524 
       37.1000  -1.757931   0.301366  -1.456564 
       37.2000  -1.757997   0.301366  -1.456631 
       37.3000  -1.758040   0.301366  -1.456674 
       37.4000  -1.758108   0.301366  -1.456741 
       37.5000  -1.758148   0.301366  -1.456782 
       37.6000  -1.758215   0.301366  -1.456849 
       37.7000  -1.758257   0.301366  -1.456891 
       37.8000  -1.758323   0.301366  -1.456957 
       37.9000  -1.758366   0.301366  -1.457000 
       38.0000  -1.758431   0.301366  -1.457065 
       38.1000  -1.758476   0.301366  -1.457110 
       38.2000  -1.758540   0.301366  -1.457173 
       38.3000  -1.758587   0.301366  -1.457221 
       38.4000  -1.758649   0.301366  -1.457283 
       38.5000  -1.758699   0.301366  -1.457333 
       38.6000  -1.758758   0.301366  -1.457392 
       38.7000  -1.758812   0.301366  -1.457446 
       38.8000  -1.758868   0.301366  -1.457502 
       38.9000  -1.758926   0.301366  -1.457560 
       39.0000  -1.758979   0.301366  -1.457613 
       39.1000  -1.759041   0.301366  -1.457675 
       39.2000  -1.759092   0.301366  -1.457726 
       39.3000  -1.759156   0.301366  -1.457789 
       39.4000  -1.759206   0.301366  -1.457840 
       39.5000  -1.759270   0.301366  -1.457904 
       39.6000  -1.759322   0.301366  -1.457956 
       39.7000  -1.759385   0.301366  -1.458019 
       39.8000  -1.759440   0.301366  -1.458074 
       39.9000  -1.759500   0.301366  -1.458133 
       40.0000  -1.759560   0.301366  -1.458193 
       40.1000  -1.759615   0.301366  -1.458249 
       40.2000  -1.759679   0.301366  -1.458313 
       40.3000  -1.759733   0.301366  -1.458367 
       40.4000  -1.759798   0.301366  -1.458432 
       40.5000  -1.759854   0.301366  -1.458488 
       40.6000  -1.759917   0.301366  -1.458551 
       40.7000  -1.759977   0.301366  -1.458611 
       40.8000  -1.760037   0.301366  -1.458670 
       40.9000  -1.760101   0.301366  -1.458735 
       41.0000  -1.760158   0.301366  -1.458792 
       41.1000  -1.760223   0.301366  -1.458857 
       41.2000  -1.760282   0.301366  -1.458916 
       41.3000  -1.760345   0.301366  -1.458979 
       41.4000  -1.760408   0.301366  -1.459042 
       41.5000  -1.760465   0.301366  -1.459099 
       41.6000  -1.760531   0.301366  -1.459164 
       41.7000  -1.760583   0.301366  -1.459216 
       41.8000  -1.760662   0.301366  -1.459295 
       41.9000  -1.760720   0.301366  -1.459354 
       42.0000  -1.760776   0.301366  -1.459410 
       42.1000  -1.760858   0.301366  -1.459492 
       42.2000  -1.760909   0.301366  -1.459542 
       42.3000  -1.760974   0.301366  -1.459608 
       42.4000  -1.761054   0.301366  -1.459687 
       42.5000  -1.761098   0.301366  -1.459732 
       42.6000  -1.761178   0.301366  -1.459811 
       42.7000  -1.761246   0.301366  -1.459880 
       42.8000  -1.761293   0.301366  -1.459927 
       42.9000  -1.761385   0.301366  -1.460019 
       43.0000  -1.761435   0.301366  -1.460069 
       43.1000  -1.761500   0.301366  -1.460134 
       43.2000  -1.761589   0.301366  -1.460222 
       43.3000  -1.761626   0.301366  -1.460260 
       43.4000  -1.761719   0.301366  -1.460353 
       43.5000  -1.761781   0.301366  -1.460415 
       43.6000  -1.761832   0.301366  -1.460466 
       43.7000  -1.761936   0.301366  -1.460569 
       43.8000  -1.761968   0.301366  -1.460602 
       43.9000  -1.762060   0.301366  -1.460694 
       44.0000  -1.762133   0.301366  -1.460767 
       44.1000  -1.762173   0.301366  -1.460807 
       44.2000  -1.762292   0.301366  -1.460925 
       44.3000  -1.762316   0.301366  -1.460950 
       44.4000  -1.762415   0.301366  -1.461049 
       44.5000  -1.762491   0.301366  -1.461124 
       44.6000  -1.762525   0.301366  -1.461158 
       44.7000  -1.762659   0.301366  -1.461293 
       44.8000  -1.762666   0.301366  -1.461300 
       44.9000  -1.762787   0.301366  -1.461421 
       45.0000  -1.762849   0.301366  -1.461483 
       45.1000  -1.762890   0.301366  -1.461524 
       45.2000  -1.763035   0.301366  -1.461669 
       45.3000  -1.763018   0.301366  -1.461652 
       45.4000  -1.763182   0.301366  -1.461815 
       45.5000  -1.763199   0.301366  -1.461833 
       45.6000  -1.763283   0.301366  -1.461917 
       45.7000  -1.763409   0.301366  -1.462043 
       45.8000  -1.763383   0.301366  -1.462017 
       45.9000  -1.763593   0.301366  -1.462227 
       46.0000  -1.763540   0.301366  -1.462174 
       46.1000  -1.763710   0.301366  -1.462344 
       46.2000  -1.763765   0.301366  -1.462399 
       46.3000  -1.763778   0.301366  -1.462411 
       46.4000  -1.764002   0.301366  -1.462635 
       46.5000  -1.763884   0.301366  -1.462518 
       46.6000  -1.764165   0.301366  -1.462799 
       46.7000  -1.764100   0.301366  -1.462734 
       46.8000  -1.764224   0.301366  -1.462858 
       46.9000  -1.764369   0.301366  -1.463003 
       47.0000  -1.764258   0.301366  -1.462892 
       47.1000  -1.764625   0.301366  -1.463259 
       47.2000  -1.764375   0.301366  -1.463009 
       47.3000  -1.764820   0.301366  -1.463454 
       47.4000  -1.764579   0.301366  -1.463213 
       47.5000  -1.764968   0.301366  -1.463602 
       47.6000  -1.764789   0.301366  -1.463423 
       47.7000  -1.765107   0.301366  -1.463741 
       47.8000  -1.764988   0.301366  -1.463621 
       47.9000  -1.765252   0.301366  -1.463886 
       48.0000  -1.765160   0.301366  -1.463793 
       48.1000  -1.765439   0.301366  -1.464073 
       48.2000  -1.765311   0.301366  -1.463945 
       48.3000  -1.765514   0.301366  -1.464147 
       48.4000  -1.765476   0.301366  -1.464110 
       48.5000  -1.765611   0.301366  -1.464245 
       48.6000  -1.765653   0.301366  -1.464287 
       48.7000  -1.765757   0.301366  -1.464391 
       48.8000  -1.765882   0.301366  -1.464516 
       48.9000  -1.765910   0.301366  -1.464544 
       49.0000  -1.766074   0.301366  -1.464708 
       49.1000  -1.766127   0.301366  -1.464761 
       49.2000  -1.766225   0.301366  -1.464859 
       49.3000  -1.766346   0.301366  -1.464980 
       49.4000  -1.766378   0.301366  -1.465012 
       49.5000  -1.766553   0.301366  -1.465186 
       49.6000  -1.766570   0.301366  -1.465204 
       49.7000  -1.766722   0.301366  -1.465356 
       49.8000  -1.766792   0.301366  -1.465426 
       49.9000  -1.766859   0.301366  -1.465493 
       50.0000  -1.767004   0.301366  -1.465638 
