        0.0000  -0.262783   0.300705   0.037922 
        0.1000  -1.662095   0.300705  -1.361391 
        0.2000  -1.702910   0.300705  -1.402205 
        0.3000  -1.736453   0.300705  -1.435748 
        0.4000  -1.765937   0.300705  -1.465232 
        0.5000  -1.788597   0.300705  -1.487892 
        0.6000  -1.803303   0.300705  -1.502598 
        0.7000  -1.813341   0.300705  -1.512636 
        0.8000  -1.820420   0.300705  -1.519715 
        0.9000  -1.824770   0.300705  -1.524065 
        1.0000  -1.828199   0.300705  -1.527494 
        1.1000  -1.829618   0.300705  -1.528913 
        1.2000  -1.831650   0.300705  -1.530945 
        1.3000  -1.828921   0.300705  -1.528217 
        1.4000  -1.833225   0.300705  -1.532520 
        1.5000  -1.833290   0.300705  -1.532585 
        1.6000  -1.834284   0.300705  -1.533579 
        1.7000  -1.834832   0.300705  -1.534127 
        1.8000  -1.834907   0.300705  -1.534202 
        1.9000  -1.835649   0.300705  -1.534944 
        2.0000  -1.836017   0.300705  -1.535312 
        2.1000  -1.836503   0.300705  -1.535798 
        2.2000  -1.835353   0.300705  -1.534648 
        2.3000  -1.837472   0.300705  -1.536767 
        2.4000  -1.837802   0.300705  -1.537098 
        2.5000  -1.834887   0.300705  -1.534182 
        2.6000  -1.836635   0.300705  -1.535930 
        2.7000  -1.835364   0.300705  -1.534659 
        2.8000  -1.838575   0.300705  -1.537870 
        2.9000  -1.838569   0.300705  -1.537864 
        3.0000  -1.838784   0.300705  -1.538079 
        3.1000  -1.836049   0.300705  -1.535344 
        3.2000  -1.837701   0.300705  -1.536996 
        3.3000  -1.836070   0.300705  -1.535365 
        3.4000  -1.839729   0.300705  -1.539024 
        3.5000  -1.839202   0.300705  -1.538497 
        3.6000  -1.838586   0.300705  -1.537881 
        3.7000  -1.839635   0.300705  -1.538930 
        3.8000  -1.835698   0.300705  -1.534994 
        3.9000  -1.834619   0.300705  -1.533914 
        4.0000  -1.838840   0.300705  -1.538135 
        4.1000  -1.840490   0.300705  -1.539785 
        4.2000  -1.836678   0.300705  -1.535973 
        4.3000  -1.839981   0.300705  -1.539276 
        4.4000  -1.835835   0.300705  -1.535130 
        4.5000  -1.840379   0.300705  -1.539674 
        4.6000  -1.840967   0.300705  -1.540262 
        4.7000  -1.838432   0.300705  -1.537727 
        4.8000  -1.833570   0.300705  -1.532865 
        4.9000  -1.841250   0.300705  -1.540545 
        5.0000  -1.840805   0.300705  -1.540100 
        5.1000  -1.840768   0.300705  -1.540063 
        5.2000  -1.841189   0.300705  -1.540484 
        5.3000  -1.841130   0.300705  -1.540425 
        5.4000  -1.837840   0.300705  -1.537136 
        5.5000  -1.840372   0.300705  -1.539667 
        5.6000  -1.839333   0.300705  -1.538628 
        5.7000  -1.839151   0.300705  -1.538446 
        5.8000  -1.838487   0.300705  -1.537782 
        5.9000  -1.839302   0.300705  -1.538597 
        6.0000  -1.837941   0.300705  -1.537236 
        6.1000  -1.837398   0.300705  -1.536693 
        6.2000  -1.837669   0.300705  -1.536964 
        6.3000  -1.839275   0.300705  -1.538571 
        6.4000  -1.839257   0.300705  -1.538552 
        6.5000  -1.839526   0.300705  -1.538821 
        6.6000  -1.839206   0.300705  -1.538501 
        6.7000  -1.836882   0.300705  -1.536177 
        6.8000  -1.838563   0.300705  -1.537858 
        6.9000  -1.839678   0.300705  -1.538973 
        7.0000  -1.839121   0.300705  -1.538416 
        7.1000  -1.839916   0.300705  -1.539211 
        7.2000  -1.839495   0.300705  -1.538790 
        7.3000  -1.838287   0.300705  -1.537583 
        7.4000  -1.842527   0.300705  -1.541822 
        7.5000  -1.842548   0.300705  -1.541843 
        7.6000  -1.842566   0.300705  -1.541861 
        7.7000  -1.842240   0.300705  -1.541535 
        7.8000  -1.842185   0.300705  -1.541480 
        7.9000  -1.842188   0.300705  -1.541483 
        8.0000  -1.842276   0.300705  -1.541571 
        8.1000  -1.842302   0.300705  -1.541597 
        8.2000  -1.842296   0.300705  -1.541591 
        8.3000  -1.842365   0.300705  -1.541660 
        8.4000  -1.842344   0.300705  -1.541639 
        8.5000  -1.842234   0.300705  -1.541529 
        8.6000  -1.842507   0.300705  -1.541802 
        8.7000  -1.842508   0.300705  -1.541803 
        8.8000  -1.842484   0.300705  -1.541780 
        8.9000  -1.842496   0.300705  -1.541791 
        9.0000  -1.842712   0.300705  -1.542007 
        9.1000  -1.842622   0.300705  -1.541917 
        9.2000  -1.842522   0.300705  -1.541817 
        9.3000  -1.842802   0.300705  -1.542097 
        9.4000  -1.842553   0.300705  -1.541848 
        9.5000  -1.842595   0.300705  -1.541890 
        9.6000  -1.842575   0.300705  -1.541870 
        9.7000  -1.836626   0.300705  -1.535921 
        9.8000  -1.838274   0.300705  -1.537569 
        9.9000  -1.840134   0.300705  -1.539429 
       10.0000  -1.840473   0.300705  -1.539768 
       10.1000  -1.838528   0.300705  -1.537823 
       10.2000  -1.840057   0.300705  -1.539352 
       10.3000  -1.840795   0.300705  -1.540090 
       10.4000  -1.842906   0.300705  -1.542201 
       10.5000  -1.843057   0.300705  -1.542352 
       10.6000  -1.842770   0.300705  -1.542065 
       10.7000  -1.842829   0.300705  -1.542125 
       10.8000  -1.842934   0.300705  -1.542229 
       10.9000  -1.842930   0.300705  -1.542225 
       11.0000  -1.842895   0.300705  -1.542190 
       11.1000  -1.842889   0.300705  -1.542184 
       11.2000  -1.843064   0.300705  -1.542359 
       11.3000  -1.842972   0.300705  -1.542267 
       11.4000  -1.842964   0.300705  -1.542259 
       11.5000  -1.842950   0.300705  -1.542246 
       11.6000  -1.843017   0.300705  -1.542312 
       11.7000  -1.842997   0.300705  -1.542292 
       11.8000  -1.843065   0.300705  -1.542360 
       11.9000  -1.843037   0.300705  -1.542332 
       12.0000  -1.843052   0.300705  -1.542347 
       12.1000  -1.843050   0.300705  -1.542345 
       12.2000  -1.843029   0.300705  -1.542324 
       12.3000  -1.843229   0.300705  -1.542524 
       12.4000  -1.843253   0.300705  -1.542548 
       12.5000  -1.843134   0.300705  -1.542429 
       12.6000  -1.843107   0.300705  -1.542402 
       12.7000  -1.843085   0.300705  -1.542380 
       12.8000  -1.843110   0.300705  -1.542405 
       12.9000  -1.843147   0.300705  -1.542442 
       13.0000  -1.843129   0.300705  -1.542424 
       13.1000  -1.843145   0.300705  -1.542440 
       13.2000  -1.843171   0.300705  -1.542466 
       13.3000  -1.843133   0.300705  -1.542428 
       13.4000  -1.843181   0.300705  -1.542476 
       13.5000  -1.843160   0.300705  -1.542455 
       13.6000  -1.843294   0.300705  -1.542589 
       13.7000  -1.843249   0.300705  -1.542544 
       13.8000  -1.843197   0.300705  -1.542492 
       13.9000  -1.843204   0.300705  -1.542500 
       14.0000  -1.843231   0.300705  -1.542526 
       14.1000  -1.843277   0.300705  -1.542572 
       14.2000  -1.843260   0.300705  -1.542555 
       14.3000  -1.843227   0.300705  -1.542522 
       14.4000  -1.843270   0.300705  -1.542565 
       14.5000  -1.843308   0.300705  -1.542603 
       14.6000  -1.843304   0.300705  -1.542599 
       14.7000  -1.843291   0.300705  -1.542586 
       14.8000  -1.843280   0.300705  -1.542576 
       14.9000  -1.843303   0.300705  -1.542598 
       15.0000  -1.843258   0.300705  -1.542553 
       15.1000  -1.843515   0.300705  -1.542810 
       15.2000  -1.843438   0.300705  -1.542733 
       15.3000  -1.843400   0.300705  -1.542695 
       15.4000  -1.843390   0.300705  -1.542685 
       15.5000  -1.843357   0.300705  -1.542652 
       15.6000  -1.843330   0.300705  -1.542625 
       15.7000  -1.843321   0.300705  -1.542616 
       15.8000  -1.843392   0.300705  -1.542687 
       15.9000  -1.843363   0.300705  -1.542658 
       16.0000  -1.843398   0.300705  -1.542693 
       16.1000  -1.843358   0.300705  -1.542653 
       16.2000  -1.843286   0.300705  -1.542581 
       16.3000  -1.843493   0.300705  -1.542788 
       16.4000  -1.837605   0.300705  -1.536900 
       16.5000  -1.838004   0.300705  -1.537299 
       16.6000  -1.838664   0.300705  -1.537959 
       16.7000  -1.839051   0.300705  -1.538346 
       16.8000  -1.839582   0.300705  -1.538877 
       16.9000  -1.840941   0.300705  -1.540236 
       17.0000  -1.838494   0.300705  -1.537789 
       17.1000  -1.839201   0.300705  -1.538496 
       17.2000  -1.839617   0.300705  -1.538912 
       17.3000  -1.840034   0.300705  -1.539329 
       17.4000  -1.840766   0.300705  -1.540061 
       17.5000  -1.841095   0.300705  -1.540390 
       17.6000  -1.841070   0.300705  -1.540365 
       17.7000  -1.840297   0.300705  -1.539592 
       17.8000  -1.840772   0.300705  -1.540067 
       17.9000  -1.841243   0.300705  -1.540538 
       18.0000  -1.841534   0.300705  -1.540829 
       18.1000  -1.840686   0.300705  -1.539981 
       18.2000  -1.841236   0.300705  -1.540531 
       18.3000  -1.841617   0.300705  -1.540912 
       18.4000  -1.841921   0.300705  -1.541216 
       18.5000  -1.839864   0.300705  -1.539159 
       18.6000  -1.840132   0.300705  -1.539427 
       18.7000  -1.840476   0.300705  -1.539771 
       18.8000  -1.840993   0.300705  -1.540289 
       18.9000  -1.840874   0.300705  -1.540169 
       19.0000  -1.841196   0.300705  -1.540491 
       19.1000  -1.841506   0.300705  -1.540801 
       19.2000  -1.839773   0.300705  -1.539068 
       19.3000  -1.840079   0.300705  -1.539374 
       19.4000  -1.840480   0.300705  -1.539775 
       19.5000  -1.840920   0.300705  -1.540215 
       19.6000  -1.841570   0.300705  -1.540865 
       19.7000  -1.841604   0.300705  -1.540899 
       19.8000  -1.840428   0.300705  -1.539723 
       19.9000  -1.840992   0.300705  -1.540287 
       20.0000  -1.841337   0.300705  -1.540632 
       20.1000  -1.841479   0.300705  -1.540774 
       20.2000  -1.841279   0.300705  -1.540574 
       20.3000  -1.841481   0.300705  -1.540776 
       20.4000  -1.841939   0.300705  -1.541234 
       20.5000  -1.841214   0.300705  -1.540509 
       20.6000  -1.841824   0.300705  -1.541119 
       20.7000  -1.841358   0.300705  -1.540653 
       20.8000  -1.841672   0.300705  -1.540967 
       20.9000  -1.841945   0.300705  -1.541240 
       21.0000  -1.839747   0.300705  -1.539042 
       21.1000  -1.840110   0.300705  -1.539405 
       21.2000  -1.840424   0.300705  -1.539719 
       21.3000  -1.840853   0.300705  -1.540148 
       21.4000  -1.841384   0.300705  -1.540679 
       21.5000  -1.841660   0.300705  -1.540955 
       21.6000  -1.841207   0.300705  -1.540502 
       21.7000  -1.841504   0.300705  -1.540799 
       21.8000  -1.841866   0.300705  -1.541162 
       21.9000  -1.838963   0.300705  -1.538258 
       22.0000  -1.839328   0.300705  -1.538623 
       22.1000  -1.839629   0.300705  -1.538924 
       22.2000  -1.839922   0.300705  -1.539217 
       22.3000  -1.840482   0.300705  -1.539777 
       22.4000  -1.840781   0.300705  -1.540076 
       22.5000  -1.841074   0.300705  -1.540369 
       22.6000  -1.841080   0.300705  -1.540375 
       22.7000  -1.841567   0.300705  -1.540862 
       22.8000  -1.840248   0.300705  -1.539544 
       22.9000  -1.840714   0.300705  -1.540009 
       23.0000  -1.840963   0.300705  -1.540258 
       23.1000  -1.841236   0.300705  -1.540531 
       23.2000  -1.841610   0.300705  -1.540905 
       23.3000  -1.841740   0.300705  -1.541035 
       23.4000  -1.841582   0.300705  -1.540877 
       23.5000  -1.841857   0.300705  -1.541152 
       23.6000  -1.839491   0.300705  -1.538786 
       23.7000  -1.839850   0.300705  -1.539145 
       23.8000  -1.840138   0.300705  -1.539433 
       23.9000  -1.840418   0.300705  -1.539713 
       24.0000  -1.840789   0.300705  -1.540084 
       24.1000  -1.841067   0.300705  -1.540362 
       24.2000  -1.841589   0.300705  -1.540884 
       24.3000  -1.841626   0.300705  -1.540921 
       24.4000  -1.841913   0.300705  -1.541208 
       24.5000  -1.841583   0.300705  -1.540879 
       24.6000  -1.841041   0.300705  -1.540336 
       24.7000  -1.841324   0.300705  -1.540619 
       24.8000  -1.841668   0.300705  -1.540964 
       24.9000  -1.841927   0.300705  -1.541222 
       25.0000  -1.842275   0.300705  -1.541570 
       25.1000  -1.841166   0.300705  -1.540461 
       25.2000  -1.841433   0.300705  -1.540728 
       25.3000  -1.841745   0.300705  -1.541040 
       25.4000  -1.842066   0.300705  -1.541361 
       25.5000  -1.841278   0.300705  -1.540573 
       25.6000  -1.841277   0.300705  -1.540572 
       25.7000  -1.841651   0.300705  -1.540946 
       25.8000  -1.842003   0.300705  -1.541299 
       25.9000  -1.842114   0.300705  -1.541409 
       26.0000  -1.841211   0.300705  -1.540506 
       26.1000  -1.841480   0.300705  -1.540775 
       26.2000  -1.841724   0.300705  -1.541019 
       26.3000  -1.841596   0.300705  -1.540891 
       26.4000  -1.841848   0.300705  -1.541143 
       26.5000  -1.842201   0.300705  -1.541496 
       26.6000  -1.841135   0.300705  -1.540430 
       26.7000  -1.841399   0.300705  -1.540694 
       26.8000  -1.841545   0.300705  -1.540840 
       26.9000  -1.841822   0.300705  -1.541117 
       27.0000  -1.842151   0.300705  -1.541446 
       27.1000  -1.841338   0.300705  -1.540633 
       27.2000  -1.841324   0.300705  -1.540619 
       27.3000  -1.841578   0.300705  -1.540873 
       27.4000  -1.841665   0.300705  -1.540960 
       27.5000  -1.841626   0.300705  -1.540921 
       27.6000  -1.841872   0.300705  -1.541167 
       27.7000  -1.842095   0.300705  -1.541390 
       27.8000  -1.841125   0.300705  -1.540420 
       27.9000  -1.841381   0.300705  -1.540676 
       28.0000  -1.841626   0.300705  -1.540921 
       28.1000  -1.841861   0.300705  -1.541157 
       28.2000  -1.842095   0.300705  -1.541390 
       28.3000  -1.842014   0.300705  -1.541310 
       28.4000  -1.841685   0.300705  -1.540980 
       28.5000  -1.841583   0.300705  -1.540878 
       28.6000  -1.841816   0.300705  -1.541111 
       28.7000  -1.842216   0.300705  -1.541511 
       28.8000  -1.841080   0.300705  -1.540375 
       28.9000  -1.841334   0.300705  -1.540629 
       29.0000  -1.841583   0.300705  -1.540878 
       29.1000  -1.841827   0.300705  -1.541122 
       29.2000  -1.842127   0.300705  -1.541422 
       29.3000  -1.842266   0.300705  -1.541561 
       29.4000  -1.841217   0.300705  -1.540512 
       29.5000  -1.841481   0.300705  -1.540776 
       29.6000  -1.841727   0.300705  -1.541022 
       29.7000  -1.841875   0.300705  -1.541170 
       29.8000  -1.842134   0.300705  -1.541429 
       29.9000  -1.841272   0.300705  -1.540567 
       30.0000  -1.841519   0.300705  -1.540814 
       30.1000  -1.841768   0.300705  -1.541063 
       30.2000  -1.842164   0.300705  -1.541459 
       30.3000  -1.842136   0.300705  -1.541431 
       30.4000  -1.841263   0.300705  -1.540558 
       30.5000  -1.841527   0.300705  -1.540822 
       30.6000  -1.841778   0.300705  -1.541073 
       30.7000  -1.842022   0.300705  -1.541317 
       30.8000  -1.842262   0.300705  -1.541558 
       30.9000  -1.840693   0.300705  -1.539988 
       31.0000  -1.840991   0.300705  -1.540286 
       31.1000  -1.841257   0.300705  -1.540552 
       31.2000  -1.841513   0.300705  -1.540808 
       31.3000  -1.841763   0.300705  -1.541058 
       31.4000  -1.842022   0.300705  -1.541317 
       31.5000  -1.842268   0.300705  -1.541563 
       31.6000  -1.841025   0.300705  -1.540320 
       31.7000  -1.841295   0.300705  -1.540590 
       31.8000  -1.841550   0.300705  -1.540845 
       31.9000  -1.841800   0.300705  -1.541095 
       32.0000  -1.841743   0.300705  -1.541038 
       32.1000  -1.841931   0.300705  -1.541226 
       32.2000  -1.841613   0.300705  -1.540908 
       32.3000  -1.841567   0.300705  -1.540862 
       32.4000  -1.841819   0.300705  -1.541114 
       32.5000  -1.842050   0.300705  -1.541345 
       32.6000  -1.841323   0.300705  -1.540618 
       32.7000  -1.841472   0.300705  -1.540767 
       32.8000  -1.841723   0.300705  -1.541018 
       32.9000  -1.841966   0.300705  -1.541261 
       33.0000  -1.842058   0.300705  -1.541353 
       33.1000  -1.841649   0.300705  -1.540944 
       33.2000  -1.841298   0.300705  -1.540593 
       33.3000  -1.841515   0.300705  -1.540810 
       33.4000  -1.841768   0.300705  -1.541063 
       33.5000  -1.842015   0.300705  -1.541311 
       33.6000  -1.841711   0.300705  -1.541006 
       33.7000  -1.841741   0.300705  -1.541036 
       33.8000  -1.841851   0.300705  -1.541146 
       33.9000  -1.841617   0.300705  -1.540912 
       34.0000  -1.841706   0.300705  -1.541001 
       34.1000  -1.841922   0.300705  -1.541217 
       34.2000  -1.841827   0.300705  -1.541122 
       34.3000  -1.841531   0.300705  -1.540826 
       34.4000  -1.841722   0.300705  -1.541017 
       34.5000  -1.842044   0.300705  -1.541339 
       34.6000  -1.841264   0.300705  -1.540559 
       34.7000  -1.841462   0.300705  -1.540757 
       34.8000  -1.841715   0.300705  -1.541010 
       34.9000  -1.842081   0.300705  -1.541376 
       35.0000  -1.842248   0.300705  -1.541543 
       35.1000  -1.841329   0.300705  -1.540624 
       35.2000  -1.841584   0.300705  -1.540879 
       35.3000  -1.841847   0.300705  -1.541142 
       35.4000  -1.842153   0.300705  -1.541448 
       35.5000  -1.841668   0.300705  -1.540963 
       35.6000  -1.841443   0.300705  -1.540738 
       35.7000  -1.841706   0.300705  -1.541001 
       35.8000  -1.841956   0.300705  -1.541251 
       35.9000  -1.842239   0.300705  -1.541534 
       36.0000  -1.841910   0.300705  -1.541206 
       36.1000  -1.841639   0.300705  -1.540934 
       36.2000  -1.841855   0.300705  -1.541150 
       36.3000  -1.842053   0.300705  -1.541348 
       36.4000  -1.840776   0.300705  -1.540071 
       36.5000  -1.841016   0.300705  -1.540311 
       36.6000  -1.841284   0.300705  -1.540579 
       36.7000  -1.841542   0.300705  -1.540837 
       36.8000  -1.841796   0.300705  -1.541091 
       36.9000  -1.842044   0.300705  -1.541339 
       37.0000  -1.842369   0.300705  -1.541664 
       37.1000  -1.841974   0.300705  -1.541269 
       37.2000  -1.841853   0.300705  -1.541149 
       37.3000  -1.841727   0.300705  -1.541022 
       37.4000  -1.841861   0.300705  -1.541156 
       37.5000  -1.842032   0.300705  -1.541327 
       37.6000  -1.841503   0.300705  -1.540798 
       37.7000  -1.841695   0.300705  -1.540990 
       37.8000  -1.841876   0.300705  -1.541171 
       37.9000  -1.841899   0.300705  -1.541194 
       38.0000  -1.841857   0.300705  -1.541152 
       38.1000  -1.841886   0.300705  -1.541181 
       38.2000  -1.841981   0.300705  -1.541276 
       38.3000  -1.842187   0.300705  -1.541482 
       38.4000  -1.841527   0.300705  -1.540822 
       38.5000  -1.841586   0.300705  -1.540881 
       38.6000  -1.841691   0.300705  -1.540986 
       38.7000  -1.841778   0.300705  -1.541073 
       38.8000  -1.841852   0.300705  -1.541147 
       38.9000  -1.840954   0.300705  -1.540249 
       39.0000  -1.841045   0.300705  -1.540340 
       39.1000  -1.841078   0.300705  -1.540373 
       39.2000  -1.841074   0.300705  -1.540369 
       39.3000  -1.841046   0.300705  -1.540341 
       39.4000  -1.841368   0.300705  -1.540663 
       39.5000  -1.841306   0.300705  -1.540601 
       39.6000  -1.841231   0.300705  -1.540526 
       39.7000  -1.841231   0.300705  -1.540526 
       39.8000  -1.841125   0.300705  -1.540420 
       39.9000  -1.841004   0.300705  -1.540299 
       40.0000  -1.840863   0.300705  -1.540158 
       40.1000  -1.840879   0.300705  -1.540174 
       40.2000  -1.840731   0.300705  -1.540026 
       40.3000  -1.840750   0.300705  -1.540045 
       40.4000  -1.840779   0.300705  -1.540074 
       40.5000  -1.840620   0.300705  -1.539915 
       40.6000  -1.840340   0.300705  -1.539635 
       40.7000  -1.840032   0.300705  -1.539328 
       40.8000  -1.840460   0.300705  -1.539755 
       40.9000  -1.840099   0.300705  -1.539395 
       41.0000  -1.839894   0.300705  -1.539190 
       41.1000  -1.839913   0.300705  -1.539208 
       41.2000  -1.839585   0.300705  -1.538880 
       41.3000  -1.840723   0.300705  -1.540018 
       41.4000  -1.840397   0.300705  -1.539692 
       41.5000  -1.839983   0.300705  -1.539279 
       41.6000  -1.840589   0.300705  -1.539884 
       41.7000  -1.840168   0.300705  -1.539463 
       41.8000  -1.839782   0.300705  -1.539077 
       41.9000  -1.839325   0.300705  -1.538620 
       42.0000  -1.839472   0.300705  -1.538767 
       42.1000  -1.840196   0.300705  -1.539491 
       42.2000  -1.840007   0.300705  -1.539302 
       42.3000  -1.841093   0.300705  -1.540388 
       42.4000  -1.840965   0.300705  -1.540260 
       42.5000  -1.840812   0.300705  -1.540107 
       42.6000  -1.840882   0.300705  -1.540177 
       42.7000  -1.840768   0.300705  -1.540063 
       42.8000  -1.841316   0.300705  -1.540611 
       42.9000  -1.841277   0.300705  -1.540572 
       43.0000  -1.841031   0.300705  -1.540326 
       43.1000  -1.840755   0.300705  -1.540050 
       43.2000  -1.840878   0.300705  -1.540173 
       43.3000  -1.841886   0.300705  -1.541181 
       43.4000  -1.841577   0.300705  -1.540872 
       43.5000  -1.842023   0.300705  -1.541318 
       43.6000  -1.842047   0.300705  -1.541342 
       43.7000  -1.841766   0.300705  -1.541062 
       43.8000  -1.842632   0.300705  -1.541927 
       43.9000  -1.842310   0.300705  -1.541605 
       44.0000  -1.842948   0.300705  -1.542243 
       44.1000  -1.841600   0.300705  -1.540895 
       44.2000  -1.841712   0.300705  -1.541007 
       44.3000  -1.843922   0.300705  -1.543217 
       44.4000  -1.839945   0.300705  -1.539240 
       44.5000  -1.840742   0.300705  -1.540037 
       44.6000  -1.841549   0.300705  -1.540845 
       44.7000  -1.841910   0.300705  -1.541205 
       44.8000  -1.841369   0.300705  -1.540664 
       44.9000  -1.841154   0.300705  -1.540449 
       45.0000  -1.841293   0.300705  -1.540588 
       45.1000  -1.841071   0.300705  -1.540366 
       45.2000  -1.838585   0.300705  -1.537880 
       45.3000  -1.842145   0.300705  -1.541440 
       45.4000  -1.842854   0.300705  -1.542149 
       45.5000  -1.841205   0.300705  -1.540500 
       45.6000  -1.842829   0.300705  -1.542124 
       45.7000  -1.843402   0.300705  -1.542697 
       45.8000  -1.841812   0.300705  -1.541108 
       45.9000  -1.842034   0.300705  -1.541329 
       46.0000  -1.842356   0.300705  -1.541651 
       46.1000  -1.841518   0.300705  -1.540813 
       46.2000  -1.842203   0.300705  -1.541498 
       46.3000  -1.841918   0.300705  -1.541213 
       46.4000  -1.841845   0.300705  -1.541140 
       46.5000  -1.841811   0.300705  -1.541106 
       46.6000  -1.841681   0.300705  -1.540976 
       46.7000  -1.841540   0.300705  -1.540835 
       46.8000  -1.840672   0.300705  -1.539967 
       46.9000  -1.840349   0.300705  -1.539644 
       47.0000  -1.840879   0.300705  -1.540174 
       47.1000  -1.841621   0.300705  -1.540916 
       47.2000  -1.841716   0.300705  -1.541011 
       47.3000  -1.842003   0.300705  -1.541298 
       47.4000  -1.841961   0.300705  -1.541256 
       47.5000  -1.841583   0.300705  -1.540878 
       47.6000  -1.841450   0.300705  -1.540745 
       47.7000  -1.841168   0.300705  -1.540463 
       47.8000  -1.841209   0.300705  -1.540504 
       47.9000  -1.841562   0.300705  -1.540857 
       48.0000  -1.841139   0.300705  -1.540434 
       48.1000  -1.840658   0.300705  -1.539953 
       48.2000  -1.841705   0.300705  -1.541000 
       48.3000  -1.841283   0.300705  -1.540578 
       48.4000  -1.840909   0.300705  -1.540204 
       48.5000  -1.840624   0.300705  -1.539919 
       48.6000  -1.841019   0.300705  -1.540314 
       48.7000  -1.841041   0.300705  -1.540336 
       48.8000  -1.840540   0.300705  -1.539835 
       48.9000  -1.840894   0.300705  -1.540189 
       49.0000  -1.839778   0.300705  -1.539074 
       49.1000  -1.840754   0.300705  -1.540049 
       49.2000  -1.838491   0.300705  -1.537786 
       49.3000  -1.838942   0.300705  -1.538237 
       49.4000  -1.840186   0.300705  -1.539481 
       49.5000  -1.839588   0.300705  -1.538883 
       49.6000  -1.841676   0.300705  -1.540972 
       49.7000  -1.841210   0.300705  -1.540505 
       49.8000  -1.841269   0.300705  -1.540564 
       49.9000  -1.840975   0.300705  -1.540270 
       50.0000  -1.841600   0.300705  -1.540895 
