        0.0000  -0.137146   0.299593   0.162447 
        0.1000  -1.470700   0.299593  -1.171107 
        0.2000  -1.522059   0.299593  -1.222466 
        0.3000  -1.559043   0.299593  -1.259450 
        0.4000  -1.592061   0.299593  -1.292468 
        0.5000  -1.619840   0.299593  -1.320247 
        0.6000  -1.642325   0.299593  -1.342732 
        0.7000  -1.660179   0.299593  -1.360586 
        0.8000  -1.673376   0.299593  -1.373783 
        0.9000  -1.683770   0.299593  -1.384177 
        1.0000  -1.691595   0.299593  -1.392002 
        1.1000  -1.697663   0.299593  -1.398070 
        1.2000  -1.702445   0.299593  -1.402852 
        1.3000  -1.706364   0.299593  -1.406771 
        1.4000  -1.709640   0.299593  -1.410047 
        1.5000  -1.712475   0.299593  -1.412882 
        1.6000  -1.715011   0.299593  -1.415418 
        1.7000  -1.717348   0.299593  -1.417755 
        1.8000  -1.719506   0.299593  -1.419913 
        1.9000  -1.721519   0.299593  -1.421926 
        2.0000  -1.723451   0.299593  -1.423858 
        2.1000  -1.725253   0.299593  -1.425660 
        2.2000  -1.727221   0.299593  -1.427628 
        2.3000  -1.729089   0.299593  -1.429496 
        2.4000  -1.730866   0.299593  -1.431273 
        2.5000  -1.732310   0.299593  -1.432717 
        2.6000  -1.733981   0.299593  -1.434388 
        2.7000  -1.734039   0.299593  -1.434446 
        2.8000  -1.734828   0.299593  -1.435235 
        2.9000  -1.732238   0.299593  -1.432645 
        3.0000  -1.738742   0.299593  -1.439149 
        3.1000  -1.738784   0.299593  -1.439191 
        3.2000  -1.738689   0.299593  -1.439096 
        3.3000  -1.741167   0.299593  -1.441574 
        3.4000  -1.741469   0.299593  -1.441876 
        3.5000  -1.741523   0.299593  -1.441931 
        3.6000  -1.741855   0.299593  -1.442262 
        3.7000  -1.745182   0.299593  -1.445589 
        3.8000  -1.748348   0.299593  -1.448755 
        3.9000  -1.745773   0.299593  -1.446180 
        4.0000  -1.747407   0.299593  -1.447814 
        4.1000  -1.751053   0.299593  -1.451461 
        4.2000  -1.752337   0.299593  -1.452744 
        4.3000  -1.752397   0.299593  -1.452804 
        4.4000  -1.750228   0.299593  -1.450635 
        4.5000  -1.753250   0.299593  -1.453657 
        4.6000  -1.750255   0.299593  -1.450662 
        4.7000  -1.754404   0.299593  -1.454811 
        4.8000  -1.756578   0.299593  -1.456985 
        4.9000  -1.756021   0.299593  -1.456428 
        5.0000  -1.758040   0.299593  -1.458447 
        5.1000  -1.758671   0.299593  -1.459078 
        5.2000  -1.759128   0.299593  -1.459535 
        5.3000  -1.759541   0.299593  -1.459948 
        5.4000  -1.760090   0.299593  -1.460497 
        5.5000  -1.760713   0.299593  -1.461120 
        5.6000  -1.760766   0.299593  -1.461173 
        5.7000  -1.762046   0.299593  -1.462453 
        5.8000  -1.762800   0.299593  -1.463207 
        5.9000  -1.762575   0.299593  -1.462982 
        6.0000  -1.762253   0.299593  -1.462660 
        6.1000  -1.763226   0.299593  -1.463633 
        6.2000  -1.764491   0.299593  -1.464898 
        6.3000  -1.765231   0.299593  -1.465638 
        6.4000  -1.765578   0.299593  -1.465985 
        6.5000  -1.762880   0.299593  -1.463287 
        6.6000  -1.760790   0.299593  -1.461197 
        6.7000  -1.765053   0.299593  -1.465460 
        6.8000  -1.764598   0.299593  -1.465005 
        6.9000  -1.765000   0.299593  -1.465407 
        7.0000  -1.766501   0.299593  -1.466908 
        7.1000  -1.765863   0.299593  -1.466270 
        7.2000  -1.767134   0.299593  -1.467541 
        7.3000  -1.761872   0.299593  -1.462279 
        7.4000  -1.768615   0.299593  -1.469022 
        7.5000  -1.765319   0.299593  -1.465726 
        7.6000  -1.770236   0.299593  -1.470643 
        7.7000  -1.770839   0.299593  -1.471246 
        7.8000  -1.770893   0.299593  -1.471300 
        7.9000  -1.771067   0.299593  -1.471474 
        8.0000  -1.771359   0.299593  -1.471767 
        8.1000  -1.772088   0.299593  -1.472495 
        8.2000  -1.772271   0.299593  -1.472678 
        8.3000  -1.772900   0.299593  -1.473307 
        8.4000  -1.772972   0.299593  -1.473379 
        8.5000  -1.773448   0.299593  -1.473855 
        8.6000  -1.773833   0.299593  -1.474240 
        8.7000  -1.773815   0.299593  -1.474223 
        8.8000  -1.774293   0.299593  -1.474700 
        8.9000  -1.769724   0.299593  -1.470131 
        9.0000  -1.772753   0.299593  -1.473160 
        9.1000  -1.772837   0.299593  -1.473244 
        9.2000  -1.771373   0.299593  -1.471780 
        9.3000  -1.775502   0.299593  -1.475909 
        9.4000  -1.775600   0.299593  -1.476007 
        9.5000  -1.774399   0.299593  -1.474806 
        9.6000  -1.773293   0.299593  -1.473700 
        9.7000  -1.775864   0.299593  -1.476271 
        9.8000  -1.776915   0.299593  -1.477322 
        9.9000  -1.777058   0.299593  -1.477465 
       10.0000  -1.774143   0.299593  -1.474550 
       10.1000  -1.777492   0.299593  -1.477899 
       10.2000  -1.777189   0.299593  -1.477596 
       10.3000  -1.776769   0.299593  -1.477176 
       10.4000  -1.777844   0.299593  -1.478251 
       10.5000  -1.777742   0.299593  -1.478149 
       10.6000  -1.778286   0.299593  -1.478693 
       10.7000  -1.777498   0.299593  -1.477906 
       10.8000  -1.773933   0.299593  -1.474340 
       10.9000  -1.775507   0.299593  -1.475915 
       11.0000  -1.776454   0.299593  -1.476861 
       11.1000  -1.774415   0.299593  -1.474822 
       11.2000  -1.774865   0.299593  -1.475272 
       11.3000  -1.778750   0.299593  -1.479157 
       11.4000  -1.777140   0.299593  -1.477547 
       11.5000  -1.779787   0.299593  -1.480194 
       11.6000  -1.779672   0.299593  -1.480079 
       11.7000  -1.779703   0.299593  -1.480110 
       11.8000  -1.780184   0.299593  -1.480591 
       11.9000  -1.776374   0.299593  -1.476781 
       12.0000  -1.779510   0.299593  -1.479917 
       12.1000  -1.779403   0.299593  -1.479811 
       12.2000  -1.780496   0.299593  -1.480903 
       12.3000  -1.779782   0.299593  -1.480189 
       12.4000  -1.781372   0.299593  -1.481779 
       12.5000  -1.781615   0.299593  -1.482022 
       12.6000  -1.781900   0.299593  -1.482308 
       12.7000  -1.782072   0.299593  -1.482479 
       12.8000  -1.781903   0.299593  -1.482310 
       12.9000  -1.781976   0.299593  -1.482383 
       13.0000  -1.782278   0.299593  -1.482685 
       13.1000  -1.782139   0.299593  -1.482546 
       13.2000  -1.782263   0.299593  -1.482671 
       13.3000  -1.780253   0.299593  -1.480660 
       13.4000  -1.782141   0.299593  -1.482548 
       13.5000  -1.782477   0.299593  -1.482884 
       13.6000  -1.777481   0.299593  -1.477888 
       13.7000  -1.783303   0.299593  -1.483710 
       13.8000  -1.783194   0.299593  -1.483601 
       13.9000  -1.782690   0.299593  -1.483097 
       14.0000  -1.783463   0.299593  -1.483870 
       14.1000  -1.777430   0.299593  -1.477837 
       14.2000  -1.783641   0.299593  -1.484049 
       14.3000  -1.784062   0.299593  -1.484469 
       14.4000  -1.778466   0.299593  -1.478873 
       14.5000  -1.781882   0.299593  -1.482289 
       14.6000  -1.783888   0.299593  -1.484295 
       14.7000  -1.784324   0.299593  -1.484731 
       14.8000  -1.784016   0.299593  -1.484423 
       14.9000  -1.784645   0.299593  -1.485052 
       15.0000  -1.784728   0.299593  -1.485135 
       15.1000  -1.785127   0.299593  -1.485534 
       15.2000  -1.785118   0.299593  -1.485526 
       15.3000  -1.784972   0.299593  -1.485379 
       15.4000  -1.785495   0.299593  -1.485902 
       15.5000  -1.785175   0.299593  -1.485582 
       15.6000  -1.783580   0.299593  -1.483987 
       15.7000  -1.780109   0.299593  -1.480516 
       15.8000  -1.785544   0.299593  -1.485951 
       15.9000  -1.781935   0.299593  -1.482342 
       16.0000  -1.781228   0.299593  -1.481635 
       16.1000  -1.783165   0.299593  -1.483572 
       16.2000  -1.786025   0.299593  -1.486432 
       16.3000  -1.785367   0.299593  -1.485774 
       16.4000  -1.786187   0.299593  -1.486594 
       16.5000  -1.786240   0.299593  -1.486648 
       16.6000  -1.786194   0.299593  -1.486601 
       16.7000  -1.786379   0.299593  -1.486786 
       16.8000  -1.786307   0.299593  -1.486714 
       16.9000  -1.786750   0.299593  -1.487157 
       17.0000  -1.786398   0.299593  -1.486805 
       17.1000  -1.784686   0.299593  -1.485093 
       17.2000  -1.781562   0.299593  -1.481969 
       17.3000  -1.786979   0.299593  -1.487386 
       17.4000  -1.781338   0.299593  -1.481745 
       17.5000  -1.787070   0.299593  -1.487477 
       17.6000  -1.786427   0.299593  -1.486835 
       17.7000  -1.783077   0.299593  -1.483484 
       17.8000  -1.783966   0.299593  -1.484373 
       17.9000  -1.787881   0.299593  -1.488288 
       18.0000  -1.785494   0.299593  -1.485901 
       18.1000  -1.781803   0.299593  -1.482210 
       18.2000  -1.785406   0.299593  -1.485813 
       18.3000  -1.780946   0.299593  -1.481353 
       18.4000  -1.784259   0.299593  -1.484666 
       18.5000  -1.781880   0.299593  -1.482287 
       18.6000  -1.784768   0.299593  -1.485175 
       18.7000  -1.786879   0.299593  -1.487287 
       18.8000  -1.788486   0.299593  -1.488893 
       18.9000  -1.786761   0.299593  -1.487168 
       19.0000  -1.782831   0.299593  -1.483238 
       19.1000  -1.788106   0.299593  -1.488513 
       19.2000  -1.788009   0.299593  -1.488417 
       19.3000  -1.786475   0.299593  -1.486882 
       19.4000  -1.782212   0.299593  -1.482619 
       19.5000  -1.782735   0.299593  -1.483142 
       19.6000  -1.785970   0.299593  -1.486377 
       19.7000  -1.782369   0.299593  -1.482777 
       19.8000  -1.783679   0.299593  -1.484086 
       19.9000  -1.786880   0.299593  -1.487287 
       20.0000  -1.786871   0.299593  -1.487278 
       20.1000  -1.784307   0.299593  -1.484714 
       20.2000  -1.788631   0.299593  -1.489038 
       20.3000  -1.787839   0.299593  -1.488246 
       20.4000  -1.783962   0.299593  -1.484369 
       20.5000  -1.784740   0.299593  -1.485147 
       20.6000  -1.787876   0.299593  -1.488283 
       20.7000  -1.784452   0.299593  -1.484859 
       20.8000  -1.783113   0.299593  -1.483520 
       20.9000  -1.783975   0.299593  -1.484382 
       21.0000  -1.788355   0.299593  -1.488762 
       21.1000  -1.790039   0.299593  -1.490447 
       21.2000  -1.790217   0.299593  -1.490624 
       21.3000  -1.790333   0.299593  -1.490740 
       21.4000  -1.783444   0.299593  -1.483851 
       21.5000  -1.790527   0.299593  -1.490934 
       21.6000  -1.789586   0.299593  -1.489993 
       21.7000  -1.790653   0.299593  -1.491060 
       21.8000  -1.790675   0.299593  -1.491082 
       21.9000  -1.785723   0.299593  -1.486130 
       22.0000  -1.789850   0.299593  -1.490257 
       22.1000  -1.787116   0.299593  -1.487523 
       22.2000  -1.787115   0.299593  -1.487522 
       22.3000  -1.790776   0.299593  -1.491183 
       22.4000  -1.790981   0.299593  -1.491388 
       22.5000  -1.790958   0.299593  -1.491365 
       22.6000  -1.790938   0.299593  -1.491346 
       22.7000  -1.791022   0.299593  -1.491429 
       22.8000  -1.791014   0.299593  -1.491422 
       22.9000  -1.790942   0.299593  -1.491349 
       23.0000  -1.790940   0.299593  -1.491347 
       23.1000  -1.790479   0.299593  -1.490886 
       23.2000  -1.790988   0.299593  -1.491395 
       23.3000  -1.784018   0.299593  -1.484425 
       23.4000  -1.791223   0.299593  -1.491630 
       23.5000  -1.786787   0.299593  -1.487194 
       23.6000  -1.791421   0.299593  -1.491828 
       23.7000  -1.785561   0.299593  -1.485968 
       23.8000  -1.791336   0.299593  -1.491743 
       23.9000  -1.783754   0.299593  -1.484161 
       24.0000  -1.784389   0.299593  -1.484796 
       24.1000  -1.784435   0.299593  -1.484842 
       24.2000  -1.785095   0.299593  -1.485502 
       24.3000  -1.791676   0.299593  -1.492084 
       24.4000  -1.791652   0.299593  -1.492059 
       24.5000  -1.791482   0.299593  -1.491890 
       24.6000  -1.791624   0.299593  -1.492031 
       24.7000  -1.791906   0.299593  -1.492313 
       24.8000  -1.791616   0.299593  -1.492023 
       24.9000  -1.791522   0.299593  -1.491929 
       25.0000  -1.792082   0.299593  -1.492489 
       25.1000  -1.791868   0.299593  -1.492275 
       25.2000  -1.791999   0.299593  -1.492406 
       25.3000  -1.791942   0.299593  -1.492349 
       25.4000  -1.792237   0.299593  -1.492645 
       25.5000  -1.792050   0.299593  -1.492457 
       25.6000  -1.792322   0.299593  -1.492729 
       25.7000  -1.792226   0.299593  -1.492633 
       25.8000  -1.792378   0.299593  -1.492785 
       25.9000  -1.784512   0.299593  -1.484919 
       26.0000  -1.788581   0.299593  -1.488988 
       26.1000  -1.791374   0.299593  -1.491781 
       26.2000  -1.792260   0.299593  -1.492667 
       26.3000  -1.787822   0.299593  -1.488230 
       26.4000  -1.784682   0.299593  -1.485089 
       26.5000  -1.792738   0.299593  -1.493145 
       26.6000  -1.792769   0.299593  -1.493176 
       26.7000  -1.792439   0.299593  -1.492846 
       26.8000  -1.790157   0.299593  -1.490564 
       26.9000  -1.791449   0.299593  -1.491856 
       27.0000  -1.786674   0.299593  -1.487081 
       27.1000  -1.790182   0.299593  -1.490589 
       27.2000  -1.788385   0.299593  -1.488792 
       27.3000  -1.791616   0.299593  -1.492023 
       27.4000  -1.788894   0.299593  -1.489301 
       27.5000  -1.790030   0.299593  -1.490437 
       27.6000  -1.792936   0.299593  -1.493343 
       27.7000  -1.790032   0.299593  -1.490439 
       27.8000  -1.793043   0.299593  -1.493450 
       27.9000  -1.789218   0.299593  -1.489625 
       28.0000  -1.793398   0.299593  -1.493805 
       28.1000  -1.792992   0.299593  -1.493399 
       28.2000  -1.790242   0.299593  -1.490649 
       28.3000  -1.788314   0.299593  -1.488721 
       28.4000  -1.793214   0.299593  -1.493621 
       28.5000  -1.788355   0.299593  -1.488762 
       28.6000  -1.792835   0.299593  -1.493242 
       28.7000  -1.793227   0.299593  -1.493634 
       28.8000  -1.793071   0.299593  -1.493478 
       28.9000  -1.793457   0.299593  -1.493864 
       29.0000  -1.793573   0.299593  -1.493980 
       29.1000  -1.793700   0.299593  -1.494107 
       29.2000  -1.792104   0.299593  -1.492511 
       29.3000  -1.793741   0.299593  -1.494148 
       29.4000  -1.793823   0.299593  -1.494230 
       29.5000  -1.793795   0.299593  -1.494202 
       29.6000  -1.793807   0.299593  -1.494214 
       29.7000  -1.793805   0.299593  -1.494212 
       29.8000  -1.793879   0.299593  -1.494287 
       29.9000  -1.793924   0.299593  -1.494331 
       30.0000  -1.793959   0.299593  -1.494366 
       30.1000  -1.786924   0.299593  -1.487331 
       30.2000  -1.788511   0.299593  -1.488918 
       30.3000  -1.794181   0.299593  -1.494588 
       30.4000  -1.794001   0.299593  -1.494408 
       30.5000  -1.794260   0.299593  -1.494667 
       30.6000  -1.794048   0.299593  -1.494455 
       30.7000  -1.793854   0.299593  -1.494261 
       30.8000  -1.794349   0.299593  -1.494756 
       30.9000  -1.793748   0.299593  -1.494155 
       31.0000  -1.793816   0.299593  -1.494223 
       31.1000  -1.794378   0.299593  -1.494785 
       31.2000  -1.794641   0.299593  -1.495048 
       31.3000  -1.794512   0.299593  -1.494919 
       31.4000  -1.794662   0.299593  -1.495069 
       31.5000  -1.794057   0.299593  -1.494464 
       31.6000  -1.790745   0.299593  -1.491152 
       31.7000  -1.792789   0.299593  -1.493196 
       31.8000  -1.794601   0.299593  -1.495008 
       31.9000  -1.787032   0.299593  -1.487439 
       32.0000  -1.794942   0.299593  -1.495349 
       32.1000  -1.789777   0.299593  -1.490184 
       32.2000  -1.794981   0.299593  -1.495388 
       32.3000  -1.794582   0.299593  -1.494989 
       32.4000  -1.791904   0.299593  -1.492312 
       32.5000  -1.794521   0.299593  -1.494928 
       32.6000  -1.794964   0.299593  -1.495371 
       32.7000  -1.788498   0.299593  -1.488905 
       32.8000  -1.790985   0.299593  -1.491392 
       32.9000  -1.795020   0.299593  -1.495427 
       33.0000  -1.795021   0.299593  -1.495428 
       33.1000  -1.788023   0.299593  -1.488430 
       33.2000  -1.792657   0.299593  -1.493064 
       33.3000  -1.786861   0.299593  -1.487268 
       33.4000  -1.795503   0.299593  -1.495910 
       33.5000  -1.794866   0.299593  -1.495273 
       33.6000  -1.788057   0.299593  -1.488464 
       33.7000  -1.795610   0.299593  -1.496017 
       33.8000  -1.795390   0.299593  -1.495797 
       33.9000  -1.795651   0.299593  -1.496058 
       34.0000  -1.787374   0.299593  -1.487781 
       34.1000  -1.789490   0.299593  -1.489897 
       34.2000  -1.790160   0.299593  -1.490567 
       34.3000  -1.795796   0.299593  -1.496203 
       34.4000  -1.789914   0.299593  -1.490321 
       34.5000  -1.795651   0.299593  -1.496059 
       34.6000  -1.791917   0.299593  -1.492324 
       34.7000  -1.794260   0.299593  -1.494667 
       34.8000  -1.789571   0.299593  -1.489978 
       34.9000  -1.795992   0.299593  -1.496399 
       35.0000  -1.795290   0.299593  -1.495697 
       35.1000  -1.795525   0.299593  -1.495932 
       35.2000  -1.796074   0.299593  -1.496482 
       35.3000  -1.796138   0.299593  -1.496545 
       35.4000  -1.793382   0.299593  -1.493789 
       35.5000  -1.793311   0.299593  -1.493718 
       35.6000  -1.789519   0.299593  -1.489927 
       35.7000  -1.796247   0.299593  -1.496654 
       35.8000  -1.796247   0.299593  -1.496654 
       35.9000  -1.792868   0.299593  -1.493275 
       36.0000  -1.795795   0.299593  -1.496202 
       36.1000  -1.796221   0.299593  -1.496628 
       36.2000  -1.796444   0.299593  -1.496851 
       36.3000  -1.795974   0.299593  -1.496381 
       36.4000  -1.796068   0.299593  -1.496475 
       36.5000  -1.796179   0.299593  -1.496586 
       36.6000  -1.792337   0.299593  -1.492744 
       36.7000  -1.791346   0.299593  -1.491753 
       36.8000  -1.795976   0.299593  -1.496383 
       36.9000  -1.796821   0.299593  -1.497228 
       37.0000  -1.796907   0.299593  -1.497314 
       37.1000  -1.796865   0.299593  -1.497272 
       37.2000  -1.796967   0.299593  -1.497374 
       37.3000  -1.796800   0.299593  -1.497208 
       37.4000  -1.796727   0.299593  -1.497134 
       37.5000  -1.797032   0.299593  -1.497439 
       37.6000  -1.797086   0.299593  -1.497493 
       37.7000  -1.796808   0.299593  -1.497215 
       37.8000  -1.796944   0.299593  -1.497351 
       37.9000  -1.793034   0.299593  -1.493441 
       38.0000  -1.791506   0.299593  -1.491913 
       38.1000  -1.797230   0.299593  -1.497637 
       38.2000  -1.797152   0.299593  -1.497559 
       38.3000  -1.794162   0.299593  -1.494569 
       38.4000  -1.796814   0.299593  -1.497221 
       38.5000  -1.790061   0.299593  -1.490468 
       38.6000  -1.797257   0.299593  -1.497664 
       38.7000  -1.793202   0.299593  -1.493610 
       38.8000  -1.792484   0.299593  -1.492891 
       38.9000  -1.797278   0.299593  -1.497685 
       39.0000  -1.797127   0.299593  -1.497534 
       39.1000  -1.797768   0.299593  -1.498175 
       39.2000  -1.797496   0.299593  -1.497903 
       39.3000  -1.796957   0.299593  -1.497364 
       39.4000  -1.796708   0.299593  -1.497115 
       39.5000  -1.794231   0.299593  -1.494638 
       39.6000  -1.797780   0.299593  -1.498187 
       39.7000  -1.797777   0.299593  -1.498184 
       39.8000  -1.796986   0.299593  -1.497393 
       39.9000  -1.793531   0.299593  -1.493938 
       40.0000  -1.797786   0.299593  -1.498193 
       40.1000  -1.794170   0.299593  -1.494577 
       40.2000  -1.797317   0.299593  -1.497724 
       40.3000  -1.798102   0.299593  -1.498510 
       40.4000  -1.798219   0.299593  -1.498626 
       40.5000  -1.798158   0.299593  -1.498565 
       40.6000  -1.798040   0.299593  -1.498447 
       40.7000  -1.794483   0.299593  -1.494890 
       40.8000  -1.797492   0.299593  -1.497900 
       40.9000  -1.794591   0.299593  -1.494998 
       41.0000  -1.798119   0.299593  -1.498526 
       41.1000  -1.798454   0.299593  -1.498861 
       41.2000  -1.798618   0.299593  -1.499025 
       41.3000  -1.797114   0.299593  -1.497521 
       41.4000  -1.798684   0.299593  -1.499091 
       41.5000  -1.798765   0.299593  -1.499172 
       41.6000  -1.798819   0.299593  -1.499226 
       41.7000  -1.798284   0.299593  -1.498692 
       41.8000  -1.798371   0.299593  -1.498778 
       41.9000  -1.798867   0.299593  -1.499274 
       42.0000  -1.792595   0.299593  -1.493002 
       42.1000  -1.795380   0.299593  -1.495787 
       42.2000  -1.797758   0.299593  -1.498165 
       42.3000  -1.798530   0.299593  -1.498937 
       42.4000  -1.797607   0.299593  -1.498014 
       42.5000  -1.792608   0.299593  -1.493015 
       42.6000  -1.799233   0.299593  -1.499640 
       42.7000  -1.791100   0.299593  -1.491507 
       42.8000  -1.791713   0.299593  -1.492120 
       42.9000  -1.798955   0.299593  -1.499362 
       43.0000  -1.793812   0.299593  -1.494219 
       43.1000  -1.798634   0.299593  -1.499041 
       43.2000  -1.799222   0.299593  -1.499629 
       43.3000  -1.798869   0.299593  -1.499276 
       43.4000  -1.798847   0.299593  -1.499254 
       43.5000  -1.799736   0.299593  -1.500143 
       43.6000  -1.799446   0.299593  -1.499853 
       43.7000  -1.799018   0.299593  -1.499425 
       43.8000  -1.799525   0.299593  -1.499932 
       43.9000  -1.797358   0.299593  -1.497765 
       44.0000  -1.793151   0.299593  -1.493558 
       44.1000  -1.799668   0.299593  -1.500075 
       44.2000  -1.799414   0.299593  -1.499821 
       44.3000  -1.799512   0.299593  -1.499919 
       44.4000  -1.793726   0.299593  -1.494133 
       44.5000  -1.799953   0.299593  -1.500360 
       44.6000  -1.800126   0.299593  -1.500533 
       44.7000  -1.800245   0.299593  -1.500652 
       44.8000  -1.799965   0.299593  -1.500372 
       44.9000  -1.799306   0.299593  -1.499713 
       45.0000  -1.799954   0.299593  -1.500361 
       45.1000  -1.799122   0.299593  -1.499529 
       45.2000  -1.799486   0.299593  -1.499893 
       45.3000  -1.793893   0.299593  -1.494300 
       45.4000  -1.800178   0.299593  -1.500585 
       45.5000  -1.800387   0.299593  -1.500794 
       45.6000  -1.800172   0.299593  -1.500579 
       45.7000  -1.799807   0.299593  -1.500215 
       45.8000  -1.795420   0.299593  -1.495827 
       45.9000  -1.799967   0.299593  -1.500374 
       46.0000  -1.800498   0.299593  -1.500905 
       46.1000  -1.800734   0.299593  -1.501141 
       46.2000  -1.800192   0.299593  -1.500599 
       46.3000  -1.800683   0.299593  -1.501090 
       46.4000  -1.800905   0.299593  -1.501312 
       46.5000  -1.800835   0.299593  -1.501242 
       46.6000  -1.795254   0.299593  -1.495661 
       46.7000  -1.798093   0.299593  -1.498500 
       46.8000  -1.794820   0.299593  -1.495227 
       46.9000  -1.800369   0.299593  -1.500776 
       47.0000  -1.801216   0.299593  -1.501623 
       47.1000  -1.800963   0.299593  -1.501370 
       47.2000  -1.795378   0.299593  -1.495785 
       47.3000  -1.800905   0.299593  -1.501312 
       47.4000  -1.801538   0.299593  -1.501945 
       47.5000  -1.801487   0.299593  -1.501894 
       47.6000  -1.801591   0.299593  -1.501998 
       47.7000  -1.801586   0.299593  -1.501993 
       47.8000  -1.800737   0.299593  -1.501144 
       47.9000  -1.801137   0.299593  -1.501544 
       48.0000  -1.799270   0.299593  -1.499677 
       48.1000  -1.798540   0.299593  -1.498947 
       48.2000  -1.794907   0.299593  -1.495314 
       48.3000  -1.792701   0.299593  -1.493108 
       48.4000  -1.801910   0.299593  -1.502317 
       48.5000  -1.796202   0.299593  -1.496609 
       48.6000  -1.800906   0.299593  -1.501313 
       48.7000  -1.792684   0.299593  -1.493091 
       48.8000  -1.802178   0.299593  -1.502585 
       48.9000  -1.792795   0.299593  -1.493202 
       49.0000  -1.800790   0.299593  -1.501197 
       49.1000  -1.801903   0.299593  -1.502310 
       49.2000  -1.802050   0.299593  -1.502457 
       49.3000  -1.802388   0.299593  -1.502795 
       49.4000  -1.801797   0.299593  -1.502204 
       49.5000  -1.799915   0.299593  -1.500322 
       49.6000  -1.802264   0.299593  -1.502671 
       49.7000  -1.802696   0.299593  -1.503103 
       49.8000  -1.796786   0.299593  -1.497193 
       49.9000  -1.802708   0.299593  -1.503115 
       50.0000  -1.802677   0.299593  -1.503084 
