        0.0000  -0.274286   0.300460   0.026174 
        0.1000  -1.662255   0.300460  -1.361796 
        0.2000  -1.703023   0.300460  -1.402563 
        0.3000  -1.736566   0.300460  -1.436107 
        0.4000  -1.765115   0.300460  -1.464655 
        0.5000  -1.787134   0.300460  -1.486674 
        0.6000  -1.800833   0.300460  -1.500374 
        0.7000  -1.813609   0.300460  -1.513149 
        0.8000  -1.820758   0.300460  -1.520298 
        0.9000  -1.825020   0.300460  -1.524561 
        1.0000  -1.828244   0.300460  -1.527784 
        1.1000  -1.830295   0.300460  -1.529836 
        1.2000  -1.831597   0.300460  -1.531138 
        1.3000  -1.829212   0.300460  -1.528752 
        1.4000  -1.832229   0.300460  -1.531770 
        1.5000  -1.833743   0.300460  -1.533284 
        1.6000  -1.833434   0.300460  -1.532975 
        1.7000  -1.834699   0.300460  -1.534239 
        1.8000  -1.832925   0.300460  -1.532466 
        1.9000  -1.834142   0.300460  -1.533682 
        2.0000  -1.836990   0.300460  -1.536530 
        2.1000  -1.837103   0.300460  -1.536643 
        2.2000  -1.837408   0.300460  -1.536948 
        2.3000  -1.835275   0.300460  -1.534816 
        2.4000  -1.837670   0.300460  -1.537211 
        2.5000  -1.838222   0.300460  -1.537762 
        2.6000  -1.836693   0.300460  -1.536234 
        2.7000  -1.838095   0.300460  -1.537635 
        2.8000  -1.837394   0.300460  -1.536934 
        2.9000  -1.839439   0.300460  -1.538979 
        3.0000  -1.839683   0.300460  -1.539223 
        3.1000  -1.839471   0.300460  -1.539011 
        3.2000  -1.839750   0.300460  -1.539290 
        3.3000  -1.838631   0.300460  -1.538172 
        3.4000  -1.839911   0.300460  -1.539452 
        3.5000  -1.840203   0.300460  -1.539744 
        3.6000  -1.840023   0.300460  -1.539563 
        3.7000  -1.840100   0.300460  -1.539640 
        3.8000  -1.840426   0.300460  -1.539966 
        3.9000  -1.840743   0.300460  -1.540284 
        4.0000  -1.840937   0.300460  -1.540477 
        4.1000  -1.840685   0.300460  -1.540225 
        4.2000  -1.840401   0.300460  -1.539941 
        4.3000  -1.839974   0.300460  -1.539514 
        4.4000  -1.841453   0.300460  -1.540993 
        4.5000  -1.841390   0.300460  -1.540930 
        4.6000  -1.841425   0.300460  -1.540966 
        4.7000  -1.841526   0.300460  -1.541066 
        4.8000  -1.841643   0.300460  -1.541183 
        4.9000  -1.841455   0.300460  -1.540996 
        5.0000  -1.841806   0.300460  -1.541347 
        5.1000  -1.841787   0.300460  -1.541328 
        5.2000  -1.841745   0.300460  -1.541286 
        5.3000  -1.842138   0.300460  -1.541678 
        5.4000  -1.834576   0.300460  -1.534116 
        5.5000  -1.841520   0.300460  -1.541061 
        5.6000  -1.841289   0.300460  -1.540830 
        5.7000  -1.840067   0.300460  -1.539607 
        5.8000  -1.835885   0.300460  -1.535426 
        5.9000  -1.834034   0.300460  -1.533575 
        6.0000  -1.841776   0.300460  -1.541316 
        6.1000  -1.833109   0.300460  -1.532650 
        6.2000  -1.834760   0.300460  -1.534301 
        6.3000  -1.841018   0.300460  -1.540558 
        6.4000  -1.838941   0.300460  -1.538482 
        6.5000  -1.838096   0.300460  -1.537637 
        6.6000  -1.840858   0.300460  -1.540399 
        6.7000  -1.842079   0.300460  -1.541620 
        6.8000  -1.839557   0.300460  -1.539097 
        6.9000  -1.842744   0.300460  -1.542284 
        7.0000  -1.842769   0.300460  -1.542310 
        7.1000  -1.842705   0.300460  -1.542246 
        7.2000  -1.842538   0.300460  -1.542078 
        7.3000  -1.842702   0.300460  -1.542242 
        7.4000  -1.842810   0.300460  -1.542351 
        7.5000  -1.842736   0.300460  -1.542277 
        7.6000  -1.842654   0.300460  -1.542195 
        7.7000  -1.842796   0.300460  -1.542337 
        7.8000  -1.842802   0.300460  -1.542342 
        7.9000  -1.843001   0.300460  -1.542541 
        8.0000  -1.842849   0.300460  -1.542389 
        8.1000  -1.842929   0.300460  -1.542470 
        8.2000  -1.843107   0.300460  -1.542648 
        8.3000  -1.843068   0.300460  -1.542609 
        8.4000  -1.842963   0.300460  -1.542503 
        8.5000  -1.842980   0.300460  -1.542521 
        8.6000  -1.842958   0.300460  -1.542499 
        8.7000  -1.843119   0.300460  -1.542660 
        8.8000  -1.843143   0.300460  -1.542684 
        8.9000  -1.843081   0.300460  -1.542621 
        9.0000  -1.843484   0.300460  -1.543025 
        9.1000  -1.843313   0.300460  -1.542854 
        9.2000  -1.843141   0.300460  -1.542682 
        9.3000  -1.843154   0.300460  -1.542694 
        9.4000  -1.843269   0.300460  -1.542809 
        9.5000  -1.843309   0.300460  -1.542849 
        9.6000  -1.843264   0.300460  -1.542805 
        9.7000  -1.843187   0.300460  -1.542727 
        9.8000  -1.843385   0.300460  -1.542926 
        9.9000  -1.843309   0.300460  -1.542849 
       10.0000  -1.843431   0.300460  -1.542971 
       10.1000  -1.843319   0.300460  -1.542859 
       10.2000  -1.843319   0.300460  -1.542859 
       10.3000  -1.843435   0.300460  -1.542975 
       10.4000  -1.843398   0.300460  -1.542939 
       10.5000  -1.843372   0.300460  -1.542913 
       10.6000  -1.843458   0.300460  -1.542999 
       10.7000  -1.843535   0.300460  -1.543076 
       10.8000  -1.843556   0.300460  -1.543096 
       10.9000  -1.843486   0.300460  -1.543026 
       11.0000  -1.843744   0.300460  -1.543284 
       11.1000  -1.843558   0.300460  -1.543098 
       11.2000  -1.843529   0.300460  -1.543070 
       11.3000  -1.843512   0.300460  -1.543052 
       11.4000  -1.843741   0.300460  -1.543281 
       11.5000  -1.843593   0.300460  -1.543133 
       11.6000  -1.843678   0.300460  -1.543218 
       11.7000  -1.843637   0.300460  -1.543178 
       11.8000  -1.843606   0.300460  -1.543146 
       11.9000  -1.843608   0.300460  -1.543148 
       12.0000  -1.843704   0.300460  -1.543244 
       12.1000  -1.843697   0.300460  -1.543238 
       12.2000  -1.843638   0.300460  -1.543179 
       12.3000  -1.843641   0.300460  -1.543181 
       12.4000  -1.843648   0.300460  -1.543189 
       12.5000  -1.843660   0.300460  -1.543200 
       12.6000  -1.843667   0.300460  -1.543207 
       12.7000  -1.843763   0.300460  -1.543304 
       12.8000  -1.843695   0.300460  -1.543235 
       12.9000  -1.843769   0.300460  -1.543310 
       13.0000  -1.843756   0.300460  -1.543297 
       13.1000  -1.843724   0.300460  -1.543265 
       13.2000  -1.843723   0.300460  -1.543264 
       13.3000  -1.843775   0.300460  -1.543316 
       13.4000  -1.843739   0.300460  -1.543279 
       13.5000  -1.843751   0.300460  -1.543291 
       13.6000  -1.843760   0.300460  -1.543301 
       13.7000  -1.843964   0.300460  -1.543504 
       13.8000  -1.843959   0.300460  -1.543499 
       13.9000  -1.843932   0.300460  -1.543472 
       14.0000  -1.843897   0.300460  -1.543437 
       14.1000  -1.843774   0.300460  -1.543315 
       14.2000  -1.843914   0.300460  -1.543455 
       14.3000  -1.843858   0.300460  -1.543398 
       14.4000  -1.843826   0.300460  -1.543366 
       14.5000  -1.843852   0.300460  -1.543393 
       14.6000  -1.843916   0.300460  -1.543456 
       14.7000  -1.843888   0.300460  -1.543428 
       14.8000  -1.843804   0.300460  -1.543345 
       14.9000  -1.843962   0.300460  -1.543503 
       15.0000  -1.843873   0.300460  -1.543413 
       15.1000  -1.843844   0.300460  -1.543385 
       15.2000  -1.844049   0.300460  -1.543590 
       15.3000  -1.844009   0.300460  -1.543550 
       15.4000  -1.843974   0.300460  -1.543515 
       15.5000  -1.843964   0.300460  -1.543504 
       15.6000  -1.843917   0.300460  -1.543457 
       15.7000  -1.843937   0.300460  -1.543477 
       15.8000  -1.843918   0.300460  -1.543458 
       15.9000  -1.843874   0.300460  -1.543414 
       16.0000  -1.844157   0.300460  -1.543698 
       16.1000  -1.844112   0.300460  -1.543652 
       16.2000  -1.844081   0.300460  -1.543621 
       16.3000  -1.844047   0.300460  -1.543588 
       16.4000  -1.844013   0.300460  -1.543553 
       16.5000  -1.843967   0.300460  -1.543507 
       16.6000  -1.843962   0.300460  -1.543502 
       16.7000  -1.843928   0.300460  -1.543469 
       16.8000  -1.844071   0.300460  -1.543611 
       16.9000  -1.844026   0.300460  -1.543567 
       17.0000  -1.844094   0.300460  -1.543634 
       17.1000  -1.844068   0.300460  -1.543608 
       17.2000  -1.844041   0.300460  -1.543581 
       17.3000  -1.844004   0.300460  -1.543544 
       17.4000  -1.843975   0.300460  -1.543516 
       17.5000  -1.844279   0.300460  -1.543819 
       17.6000  -1.844253   0.300460  -1.543793 
       17.7000  -1.844231   0.300460  -1.543771 
       17.8000  -1.844210   0.300460  -1.543751 
       17.9000  -1.844116   0.300460  -1.543656 
       18.0000  -1.844049   0.300460  -1.543589 
       18.1000  -1.844017   0.300460  -1.543558 
       18.2000  -1.844054   0.300460  -1.543594 
       18.3000  -1.844031   0.300460  -1.543571 
       18.4000  -1.844053   0.300460  -1.543594 
       18.5000  -1.844076   0.300460  -1.543616 
       18.6000  -1.844052   0.300460  -1.543592 
       18.7000  -1.844077   0.300460  -1.543617 
       18.8000  -1.844042   0.300460  -1.543582 
       18.9000  -1.844073   0.300460  -1.543613 
       19.0000  -1.844103   0.300460  -1.543644 
       19.1000  -1.844087   0.300460  -1.543627 
       19.2000  -1.844092   0.300460  -1.543633 
       19.3000  -1.844070   0.300460  -1.543610 
       19.4000  -1.844037   0.300460  -1.543577 
       19.5000  -1.844358   0.300460  -1.543899 
       19.6000  -1.844334   0.300460  -1.543875 
       19.7000  -1.844305   0.300460  -1.543846 
       19.8000  -1.844285   0.300460  -1.543825 
       19.9000  -1.844254   0.300460  -1.543794 
       20.0000  -1.844233   0.300460  -1.543774 
       20.1000  -1.844211   0.300460  -1.543752 
       20.2000  -1.844173   0.300460  -1.543713 
       20.3000  -1.844124   0.300460  -1.543664 
       20.4000  -1.844101   0.300460  -1.543642 
       20.5000  -1.844068   0.300460  -1.543608 
       20.6000  -1.844204   0.300460  -1.543745 
       20.7000  -1.844143   0.300460  -1.543683 
       20.8000  -1.844197   0.300460  -1.543737 
       20.9000  -1.844186   0.300460  -1.543726 
       21.0000  -1.844143   0.300460  -1.543684 
       21.1000  -1.844100   0.300460  -1.543641 
       21.2000  -1.844387   0.300460  -1.543927 
       21.3000  -1.844364   0.300460  -1.543904 
       21.4000  -1.844343   0.300460  -1.543884 
       21.5000  -1.844312   0.300460  -1.543853 
       21.6000  -1.844292   0.300460  -1.543832 
       21.7000  -1.844269   0.300460  -1.543809 
       21.8000  -1.844247   0.300460  -1.543788 
       21.9000  -1.844225   0.300460  -1.543765 
       22.0000  -1.844193   0.300460  -1.543733 
       22.1000  -1.844164   0.300460  -1.543705 
       22.2000  -1.844298   0.300460  -1.543838 
       22.3000  -1.844273   0.300460  -1.543814 
       22.4000  -1.844236   0.300460  -1.543777 
       22.5000  -1.844212   0.300460  -1.543752 
       22.6000  -1.844188   0.300460  -1.543728 
       22.7000  -1.844182   0.300460  -1.543723 
       22.8000  -1.844166   0.300460  -1.543706 
       22.9000  -1.844167   0.300460  -1.543707 
       23.0000  -1.844283   0.300460  -1.543823 
       23.1000  -1.844250   0.300460  -1.543791 
       23.2000  -1.844213   0.300460  -1.543754 
       23.3000  -1.844189   0.300460  -1.543730 
       23.4000  -1.844153   0.300460  -1.543694 
       23.5000  -1.844116   0.300460  -1.543657 
       23.6000  -1.844499   0.300460  -1.544040 
       23.7000  -1.844477   0.300460  -1.544018 
       23.8000  -1.844460   0.300460  -1.544001 
       23.9000  -1.844445   0.300460  -1.543985 
       24.0000  -1.844429   0.300460  -1.543969 
       24.1000  -1.844412   0.300460  -1.543952 
       24.2000  -1.844393   0.300460  -1.543934 
       24.3000  -1.844372   0.300460  -1.543912 
       24.4000  -1.844351   0.300460  -1.543891 
       24.5000  -1.844315   0.300460  -1.543856 
       24.6000  -1.844286   0.300460  -1.543827 
       24.7000  -1.844260   0.300460  -1.543800 
       24.8000  -1.844228   0.300460  -1.543769 
       24.9000  -1.844259   0.300460  -1.543800 
       25.0000  -1.844237   0.300460  -1.543777 
       25.1000  -1.844209   0.300460  -1.543749 
       25.2000  -1.844396   0.300460  -1.543937 
       25.3000  -1.844373   0.300460  -1.543913 
       25.4000  -1.844350   0.300460  -1.543891 
       25.5000  -1.844328   0.300460  -1.543869 
       25.6000  -1.844306   0.300460  -1.543847 
       25.7000  -1.844284   0.300460  -1.543825 
       25.8000  -1.844275   0.300460  -1.543816 
       25.9000  -1.844245   0.300460  -1.543786 
       26.0000  -1.844219   0.300460  -1.543759 
       26.1000  -1.844305   0.300460  -1.543845 
       26.2000  -1.844275   0.300460  -1.543815 
       26.3000  -1.844307   0.300460  -1.543847 
       26.4000  -1.844271   0.300460  -1.543811 
       26.5000  -1.844245   0.300460  -1.543785 
       26.6000  -1.844254   0.300460  -1.543795 
       26.7000  -1.844324   0.300460  -1.543865 
       26.8000  -1.844300   0.300460  -1.543840 
       26.9000  -1.844277   0.300460  -1.543818 
       27.0000  -1.844254   0.300460  -1.543795 
       27.1000  -1.844236   0.300460  -1.543777 
       27.2000  -1.844316   0.300460  -1.543857 
       27.3000  -1.844312   0.300460  -1.543852 
       27.4000  -1.844290   0.300460  -1.543830 
       27.5000  -1.844259   0.300460  -1.543799 
       27.6000  -1.844271   0.300460  -1.543812 
       27.7000  -1.844302   0.300460  -1.543843 
       27.8000  -1.844296   0.300460  -1.543837 
       27.9000  -1.844272   0.300460  -1.543813 
       28.0000  -1.844337   0.300460  -1.543878 
       28.1000  -1.844312   0.300460  -1.543853 
       28.2000  -1.844290   0.300460  -1.543830 
       28.3000  -1.844313   0.300460  -1.543853 
       28.4000  -1.844294   0.300460  -1.543834 
       28.5000  -1.844277   0.300460  -1.543818 
       28.6000  -1.844344   0.300460  -1.543884 
       28.7000  -1.844324   0.300460  -1.543865 
       28.8000  -1.844301   0.300460  -1.543842 
       28.9000  -1.844277   0.300460  -1.543818 
       29.0000  -1.844360   0.300460  -1.543900 
       29.1000  -1.844335   0.300460  -1.543875 
       29.2000  -1.844316   0.300460  -1.543857 
       29.3000  -1.844295   0.300460  -1.543835 
       29.4000  -1.844370   0.300460  -1.543910 
       29.5000  -1.844365   0.300460  -1.543906 
       29.6000  -1.844351   0.300460  -1.543892 
       29.7000  -1.844337   0.300460  -1.543878 
       29.8000  -1.844324   0.300460  -1.543864 
       29.9000  -1.844310   0.300460  -1.543851 
       30.0000  -1.844289   0.300460  -1.543829 
       30.1000  -1.844362   0.300460  -1.543902 
       30.2000  -1.844381   0.300460  -1.543921 
       30.3000  -1.844372   0.300460  -1.543913 
       30.4000  -1.844365   0.300460  -1.543906 
       30.5000  -1.844359   0.300460  -1.543899 
       30.6000  -1.844352   0.300460  -1.543892 
       30.7000  -1.844345   0.300460  -1.543886 
       30.8000  -1.844339   0.300460  -1.543880 
       30.9000  -1.844332   0.300460  -1.543873 
       31.0000  -1.844326   0.300460  -1.543866 
       31.1000  -1.844366   0.300460  -1.543907 
       31.2000  -1.844384   0.300460  -1.543924 
       31.3000  -1.844384   0.300460  -1.543925 
       31.4000  -1.844385   0.300460  -1.543926 
       31.5000  -1.844386   0.300460  -1.543926 
       31.6000  -1.844387   0.300460  -1.543927 
       31.7000  -1.844388   0.300460  -1.543929 
       31.8000  -1.844389   0.300460  -1.543930 
       31.9000  -1.844391   0.300460  -1.543932 
       32.0000  -1.844393   0.300460  -1.543933 
       32.1000  -1.844395   0.300460  -1.543935 
       32.2000  -1.844397   0.300460  -1.543938 
       32.3000  -1.844394   0.300460  -1.543934 
       32.4000  -1.844395   0.300460  -1.543935 
       32.5000  -1.844397   0.300460  -1.543937 
       32.6000  -1.844399   0.300460  -1.543940 
       32.7000  -1.844402   0.300460  -1.543942 
       32.8000  -1.844405   0.300460  -1.543946 
       32.9000  -1.844409   0.300460  -1.543949 
       33.0000  -1.844413   0.300460  -1.543953 
       33.1000  -1.844416   0.300460  -1.543957 
       33.2000  -1.844421   0.300460  -1.543961 
       33.3000  -1.844425   0.300460  -1.543966 
       33.4000  -1.844430   0.300460  -1.543970 
       33.5000  -1.844434   0.300460  -1.543974 
       33.6000  -1.844439   0.300460  -1.543979 
       33.7000  -1.844444   0.300460  -1.543984 
       33.8000  -1.844449   0.300460  -1.543989 
       33.9000  -1.844454   0.300460  -1.543994 
       34.0000  -1.844459   0.300460  -1.543999 
       34.1000  -1.844464   0.300460  -1.544004 
       34.2000  -1.844469   0.300460  -1.544009 
       34.3000  -1.844474   0.300460  -1.544014 
       34.4000  -1.844479   0.300460  -1.544019 
       34.5000  -1.844484   0.300460  -1.544024 
       34.6000  -1.844489   0.300460  -1.544029 
       34.7000  -1.844472   0.300460  -1.544013 
       34.8000  -1.844477   0.300460  -1.544018 
       34.9000  -1.844482   0.300460  -1.544022 
       35.0000  -1.844487   0.300460  -1.544027 
       35.1000  -1.844491   0.300460  -1.544032 
       35.2000  -1.844496   0.300460  -1.544037 
       35.3000  -1.844501   0.300460  -1.544042 
       35.4000  -1.844506   0.300460  -1.544047 
       35.5000  -1.844511   0.300460  -1.544051 
       35.6000  -1.844516   0.300460  -1.544056 
       35.7000  -1.844521   0.300460  -1.544061 
       35.8000  -1.844525   0.300460  -1.544066 
       35.9000  -1.844529   0.300460  -1.544070 
       36.0000  -1.844534   0.300460  -1.544074 
       36.1000  -1.844538   0.300460  -1.544078 
       36.2000  -1.844542   0.300460  -1.544082 
       36.3000  -1.844545   0.300460  -1.544086 
       36.4000  -1.844549   0.300460  -1.544090 
       36.5000  -1.844553   0.300460  -1.544093 
       36.6000  -1.844556   0.300460  -1.544097 
       36.7000  -1.844560   0.300460  -1.544100 
       36.8000  -1.844564   0.300460  -1.544104 
       36.9000  -1.844546   0.300460  -1.544087 
       37.0000  -1.844549   0.300460  -1.544090 
       37.1000  -1.844552   0.300460  -1.544092 
       37.2000  -1.844554   0.300460  -1.544095 
       37.3000  -1.844557   0.300460  -1.544098 
       37.4000  -1.844552   0.300460  -1.544093 
       37.5000  -1.844555   0.300460  -1.544095 
       37.6000  -1.844557   0.300460  -1.544098 
       37.7000  -1.844560   0.300460  -1.544100 
       37.8000  -1.844563   0.300460  -1.544103 
       37.9000  -1.844548   0.300460  -1.544088 
       38.0000  -1.844550   0.300460  -1.544091 
       38.1000  -1.844553   0.300460  -1.544094 
       38.2000  -1.844557   0.300460  -1.544098 
       38.3000  -1.844562   0.300460  -1.544102 
       38.4000  -1.844567   0.300460  -1.544108 
       38.5000  -1.844596   0.300460  -1.544137 
       38.6000  -1.844603   0.300460  -1.544143 
       38.7000  -1.844611   0.300460  -1.544152 
       38.8000  -1.844621   0.300460  -1.544162 
       38.9000  -1.844631   0.300460  -1.544171 
       39.0000  -1.844641   0.300460  -1.544181 
       39.1000  -1.844651   0.300460  -1.544191 
       39.2000  -1.844660   0.300460  -1.544201 
       39.3000  -1.844670   0.300460  -1.544211 
       39.4000  -1.844680   0.300460  -1.544220 
       39.5000  -1.844690   0.300460  -1.544230 
       39.6000  -1.844700   0.300460  -1.544240 
       39.7000  -1.844632   0.300460  -1.544173 
       39.8000  -1.844605   0.300460  -1.544145 
       39.9000  -1.844610   0.300460  -1.544150 
       40.0000  -1.844623   0.300460  -1.544163 
       40.1000  -1.844582   0.300460  -1.544123 
       40.2000  -1.844496   0.300460  -1.544036 
       40.3000  -1.844653   0.300460  -1.544194 
       40.4000  -1.844660   0.300460  -1.544201 
       40.5000  -1.844587   0.300460  -1.544127 
       40.6000  -1.844600   0.300460  -1.544140 
       40.7000  -1.844619   0.300460  -1.544160 
       40.8000  -1.844582   0.300460  -1.544123 
       40.9000  -1.844470   0.300460  -1.544011 
       41.0000  -1.844607   0.300460  -1.544148 
       41.1000  -1.844616   0.300460  -1.544156 
       41.2000  -1.844634   0.300460  -1.544174 
       41.3000  -1.844656   0.300460  -1.544196 
       41.4000  -1.844677   0.300460  -1.544218 
       41.5000  -1.844698   0.300460  -1.544239 
       41.6000  -1.844719   0.300460  -1.544260 
       41.7000  -1.844688   0.300460  -1.544228 
       41.8000  -1.844709   0.300460  -1.544250 
       41.9000  -1.844726   0.300460  -1.544266 
       42.0000  -1.844742   0.300460  -1.544282 
       42.1000  -1.844635   0.300460  -1.544176 
       42.2000  -1.844663   0.300460  -1.544203 
       42.3000  -1.844813   0.300460  -1.544354 
       42.4000  -1.844641   0.300460  -1.544182 
       42.5000  -1.844667   0.300460  -1.544208 
       42.6000  -1.844610   0.300460  -1.544151 
       42.7000  -1.844623   0.300460  -1.544164 
       42.8000  -1.844631   0.300460  -1.544171 
       42.9000  -1.844793   0.300460  -1.544334 
       43.0000  -1.844710   0.300460  -1.544250 
       43.1000  -1.844710   0.300460  -1.544251 
       43.2000  -1.844737   0.300460  -1.544277 
       43.3000  -1.845024   0.300460  -1.544564 
       43.4000  -1.844752   0.300460  -1.544293 
       43.5000  -1.844646   0.300460  -1.544186 
       43.6000  -1.844675   0.300460  -1.544216 
       43.7000  -1.844808   0.300460  -1.544349 
       43.8000  -1.844786   0.300460  -1.544327 
       43.9000  -1.844781   0.300460  -1.544322 
       44.0000  -1.844768   0.300460  -1.544308 
       44.1000  -1.844762   0.300460  -1.544303 
       44.2000  -1.844794   0.300460  -1.544335 
       44.3000  -1.844792   0.300460  -1.544332 
       44.4000  -1.844786   0.300460  -1.544326 
       44.5000  -1.844890   0.300460  -1.544430 
       44.6000  -1.844819   0.300460  -1.544360 
       44.7000  -1.844781   0.300460  -1.544322 
       44.8000  -1.844768   0.300460  -1.544308 
       44.9000  -1.844797   0.300460  -1.544337 
       45.0000  -1.844778   0.300460  -1.544318 
       45.1000  -1.844780   0.300460  -1.544321 
       45.2000  -1.844816   0.300460  -1.544357 
       45.3000  -1.844855   0.300460  -1.544396 
       45.4000  -1.844930   0.300460  -1.544470 
       45.5000  -1.844887   0.300460  -1.544428 
       45.6000  -1.844876   0.300460  -1.544416 
       45.7000  -1.844813   0.300460  -1.544353 
       45.8000  -1.844836   0.300460  -1.544377 
       45.9000  -1.844813   0.300460  -1.544353 
       46.0000  -1.844821   0.300460  -1.544362 
       46.1000  -1.844924   0.300460  -1.544464 
       46.2000  -1.844870   0.300460  -1.544411 
       46.3000  -1.844863   0.300460  -1.544403 
       46.4000  -1.844838   0.300460  -1.544379 
       46.5000  -1.844908   0.300460  -1.544448 
       46.6000  -1.844892   0.300460  -1.544433 
       46.7000  -1.844866   0.300460  -1.544406 
       46.8000  -1.844835   0.300460  -1.544375 
       46.9000  -1.844876   0.300460  -1.544417 
       47.0000  -1.844890   0.300460  -1.544431 
       47.1000  -1.844877   0.300460  -1.544418 
       47.2000  -1.844871   0.300460  -1.544412 
       47.3000  -1.844863   0.300460  -1.544404 
       47.4000  -1.844870   0.300460  -1.544411 
       47.5000  -1.844861   0.300460  -1.544402 
       47.6000  -1.844840   0.300460  -1.544381 
       47.7000  -1.844879   0.300460  -1.544419 
       47.8000  -1.844902   0.300460  -1.544442 
       47.9000  -1.844748   0.300460  -1.544288 
       48.0000  -1.844921   0.300460  -1.544461 
       48.1000  -1.844910   0.300460  -1.544450 
       48.2000  -1.844928   0.300460  -1.544469 
       48.3000  -1.844853   0.300460  -1.544394 
       48.4000  -1.844808   0.300460  -1.544348 
       48.5000  -1.844792   0.300460  -1.544333 
       48.6000  -1.844879   0.300460  -1.544420 
       48.7000  -1.844814   0.300460  -1.544354 
       48.8000  -1.844830   0.300460  -1.544370 
       48.9000  -1.844837   0.300460  -1.544377 
       49.0000  -1.844770   0.300460  -1.544310 
       49.1000  -1.844917   0.300460  -1.544457 
       49.2000  -1.844874   0.300460  -1.544415 
       49.3000  -1.844917   0.300460  -1.544458 
       49.4000  -1.844861   0.300460  -1.544401 
       49.5000  -1.844891   0.300460  -1.544432 
       49.6000  -1.844892   0.300460  -1.544432 
       49.7000  -1.844877   0.300460  -1.544418 
       49.8000  -1.844916   0.300460  -1.544456 
       49.9000  -1.844955   0.300460  -1.544496 
       50.0000  -1.844922   0.300460  -1.544462 
