        0.0000  -1.832665   0.300349  -1.532316 
       30.0000  -1.628614   0.196168  -1.432446 
       60.0000  -1.591495   0.226400  -1.365095 
       90.0000  -1.565475   0.248420  -1.317054 
      120.0000  -1.544238   0.262795  -1.281443 
      150.0000  -1.531281   0.273200  -1.258080 
      180.0000  -1.523519   0.282632  -1.240887 
      210.0000  -1.514272   0.286430  -1.227842 
      240.0000  -1.510232   0.290579  -1.219653 
      270.0000  -1.506298   0.293149  -1.213148 
      300.0000  -1.504764   0.295295  -1.209469 
      330.0000  -1.502917   0.296978  -1.205939 
      360.0000  -1.499526   0.296531  -1.202995 
      390.0000  -1.501887   0.298216  -1.203671 
      420.0000  -1.500259   0.299833  -1.200426 
      450.0000  -1.498985   0.300610  -1.198375 
      480.0000  -1.498303   0.301064  -1.197239 
      510.0000  -1.497419   0.302163  -1.195256 
      540.0000  -1.497329   0.302049  -1.195280 
      570.0000  -1.496812   0.299456  -1.197356 
      600.0000  -1.496452   0.299932  -1.196520 
      630.0000  -1.495967   0.301069  -1.194898 
      660.0000  -1.499509   0.302151  -1.197357 
      690.0000  -1.496520   0.300227  -1.196293 
      720.0000  -1.496394   0.299978  -1.196416 
      750.0000  -1.498359   0.301352  -1.197007 
      780.0000  -1.498470   0.300452  -1.198018 
      810.0000  -1.498500   0.298935  -1.199564 
      840.0000  -1.498712   0.298503  -1.200209 
      870.0000  -1.498947   0.300996  -1.197951 
      900.0000  -1.496794   0.300165  -1.196629 
      930.0000  -1.498845   0.298485  -1.200360 
      960.0000  -1.503498   0.300048  -1.203450 
      990.0000  -1.499280   0.299445  -1.199836 
     1020.0000  -1.496702   0.300881  -1.195821 
     1050.0000  -1.496665   0.299290  -1.197375 
     1080.0000  -1.499666   0.300902  -1.198764 
     1110.0000  -1.499734   0.300065  -1.199669 
     1140.0000  -1.497968   0.299254  -1.198713 
     1170.0000  -1.499251   0.299001  -1.200250 
     1200.0000  -1.497448   0.299368  -1.198080 
     1230.0000  -1.497532   0.301284  -1.196247 
     1260.0000  -1.497544   0.300238  -1.197306 
     1290.0000  -1.500055   0.299245  -1.200810 
     1320.0000  -1.500062   0.299882  -1.200180 
     1350.0000  -1.499518   0.298881  -1.200637 
     1380.0000  -1.502349   0.302097  -1.200251 
     1410.0000  -1.498989   0.299415  -1.199574 
     1440.0000  -1.498648   0.298980  -1.199667 
     1470.0000  -1.499518   0.299215  -1.200302 
     1500.0000  -1.498588   0.299103  -1.199485 
     1530.0000  -1.498774   0.299672  -1.199102 
     1560.0000  -1.496993   0.298377  -1.198616 
     1590.0000  -1.499920   0.302012  -1.197909 
     1620.0000  -1.500948   0.303431  -1.197516 
     1650.0000  -1.497948   0.299703  -1.198245 
     1680.0000  -1.497737   0.299565  -1.198171 
     1710.0000  -1.495553   0.298000  -1.197553 
     1740.0000  -1.498613   0.300950  -1.197663 
     1770.0000  -1.497780   0.301086  -1.196694 
     1800.0000  -1.498828   0.300858  -1.197970 
     1830.0000  -1.497932   0.300343  -1.197590 
     1860.0000  -1.498745   0.299800  -1.198945 
     1890.0000  -1.498934   0.299428  -1.199506 
     1920.0000  -1.498667   0.298834  -1.199833 
     1950.0000  -1.500490   0.300398  -1.200093 
     1980.0000  -1.496906   0.301152  -1.195754 
     2010.0000  -1.498132   0.300203  -1.197929 
     2040.0000  -1.498425   0.302046  -1.196379 
     2070.0000  -1.495974   0.299542  -1.196433 
     2100.0000  -1.499751   0.301778  -1.197973 
     2130.0000  -1.499748   0.302199  -1.197549 
     2160.0000  -1.498959   0.299872  -1.199086 
     2190.0000  -1.496122   0.300990  -1.195133 
     2220.0000  -1.497036   0.301220  -1.195816 
     2250.0000  -1.493653   0.299095  -1.194559 
     2280.0000  -1.496310   0.301311  -1.194998 
     2310.0000  -1.495767   0.301764  -1.194004 
     2340.0000  -1.498298   0.302930  -1.195369 
     2370.0000  -1.497325   0.301584  -1.195741 
     2400.0000  -1.497049   0.302657  -1.194392 
     2430.0000  -1.496134   0.300350  -1.195784 
     2460.0000  -1.496645   0.301545  -1.195099 
     2490.0000  -1.494868   0.299967  -1.194900 
     2520.0000  -1.495662   0.301990  -1.193672 
     2550.0000  -1.497720   0.300534  -1.197186 
     2580.0000  -1.497762   0.300013  -1.197749 
     2610.0000  -1.498470   0.298966  -1.199504 
     2640.0000  -1.498198   0.299198  -1.199000 
     2670.0000  -1.498488   0.300839  -1.197649 
     2700.0000  -1.498503   0.300405  -1.198098 
     2730.0000  -1.496902   0.298736  -1.198166 
     2760.0000  -1.500149   0.299819  -1.200330 
     2790.0000  -1.498577   0.300781  -1.197795 
     2820.0000  -1.498166   0.300735  -1.197431 
     2850.0000  -1.497391   0.299578  -1.197813 
     2880.0000  -1.499122   0.301437  -1.197686 
     2910.0000  -1.499017   0.301381  -1.197636 
     2940.0000  -1.497367   0.302002  -1.195365 
     2970.0000  -1.495943   0.299580  -1.196362 
     3000.0000  -1.498914   0.300550  -1.198365 
     3030.0000  -1.497240   0.300531  -1.196709 
     3060.0000  -1.499760   0.299214  -1.200547 
     3090.0000  -1.502579   0.297859  -1.204720 
     3120.0000  -1.502249   0.298438  -1.203811 
     3150.0000  -1.499347   0.300206  -1.199142 
     3180.0000  -1.497500   0.300532  -1.196968 
     3210.0000  -1.496135   0.300356  -1.195779 
     3240.0000  -1.498186   0.299629  -1.198557 
     3270.0000  -1.495045   0.299463  -1.195582 
     3300.0000  -1.494397   0.299864  -1.194533 
     3330.0000  -1.495771   0.300963  -1.194809 
     3360.0000  -1.496621   0.302966  -1.193654 
     3390.0000  -1.497870   0.301177  -1.196693 
     3420.0000  -1.499489   0.302140  -1.197349 
     3450.0000  -1.496748   0.300376  -1.196372 
     3480.0000  -1.497656   0.301400  -1.196255 
     3510.0000  -1.497747   0.300594  -1.197153 
     3540.0000  -1.497985   0.300172  -1.197813 
     3570.0000  -1.496780   0.299998  -1.196781 
     3600.0000  -1.498032   0.300999  -1.197033 
     3630.0000  -1.497921   0.298834  -1.199087 
     3660.0000  -1.498071   0.301490  -1.196580 
     3690.0000  -1.501029   0.301018  -1.200010 
     3720.0000  -1.498488   0.299090  -1.199398 
     3750.0000  -1.497506   0.299625  -1.197881 
     3780.0000  -1.497265   0.300432  -1.196833 
     3810.0000  -1.500566   0.304214  -1.196352 
     3840.0000  -1.498337   0.301266  -1.197071 
     3870.0000  -1.496369   0.301268  -1.195101 
     3900.0000  -1.497584   0.299601  -1.197984 
     3930.0000  -1.495285   0.301015  -1.194270 
     3960.0000  -1.495537   0.302705  -1.192831 
     3990.0000  -1.497673   0.301612  -1.196060 
     4020.0000  -1.498451   0.300659  -1.197791 
     4050.0000  -1.499223   0.299535  -1.199687 
     4080.0000  -1.498477   0.298933  -1.199544 
     4110.0000  -1.498849   0.300225  -1.198624 
     4140.0000  -1.499253   0.301569  -1.197685 
     4170.0000  -1.497311   0.299840  -1.197471 
     4200.0000  -1.499614   0.301015  -1.198599 
     4230.0000  -1.500263   0.300764  -1.199499 
     4260.0000  -1.500173   0.299700  -1.200472 
     4290.0000  -1.499053   0.299531  -1.199522 
     4320.0000  -1.497775   0.298992  -1.198784 
     4350.0000  -1.498564   0.299513  -1.199051 
     4380.0000  -1.500330   0.300229  -1.200100 
     4410.0000  -1.500039   0.298430  -1.201609 
     4440.0000  -1.498657   0.298961  -1.199696 
     4470.0000  -1.500329   0.301230  -1.199099 
     4500.0000  -1.499552   0.298911  -1.200641 
     4530.0000  -1.501269   0.297905  -1.203364 
     4560.0000  -1.502332   0.300143  -1.202189 
     4590.0000  -1.499811   0.297508  -1.202303 
     4620.0000  -1.500200   0.299128  -1.201072 
     4650.0000  -1.498632   0.299834  -1.198798 
     4680.0000  -1.499922   0.298748  -1.201174 
     4710.0000  -1.500345   0.300833  -1.199512 
     4740.0000  -1.499728   0.299702  -1.200027 
     4770.0000  -1.497299   0.299554  -1.197745 
     4800.0000  -1.499526   0.300274  -1.199252 
     4830.0000  -1.497585   0.298026  -1.199559 
     4860.0000  -1.499656   0.299449  -1.200207 
     4890.0000  -1.499212   0.300477  -1.198734 
     4920.0000  -1.498094   0.299581  -1.198513 
     4950.0000  -1.498427   0.299969  -1.198459 
     4980.0000  -1.498497   0.301900  -1.196597 
     5010.0000  -1.499940   0.302181  -1.197758 
     5040.0000  -1.497805   0.301548  -1.196257 
     5070.0000  -1.496842   0.299267  -1.197575 
     5100.0000  -1.499048   0.300282  -1.198766 
     5130.0000  -1.500242   0.298824  -1.201418 
     5160.0000  -1.499481   0.297807  -1.201674 
     5190.0000  -1.499315   0.299544  -1.199770 
     5220.0000  -1.497991   0.301134  -1.196857 
     5250.0000  -1.497167   0.302043  -1.195124 
     5280.0000  -1.494645   0.297468  -1.197177 
     5310.0000  -1.496969   0.302387  -1.194582 
     5340.0000  -1.497655   0.301852  -1.195802 
     5370.0000  -1.498564   0.301798  -1.196766 
     5400.0000  -1.498545   0.301796  -1.196749 
     5430.0000  -1.494909   0.298237  -1.196672 
     5460.0000  -1.499176   0.301535  -1.197641 
     5490.0000  -1.499001   0.300174  -1.198827 
     5520.0000  -1.499671   0.301125  -1.198546 
     5550.0000  -1.497285   0.300312  -1.196973 
     5580.0000  -1.498638   0.302923  -1.195715 
     5610.0000  -1.495492   0.299451  -1.196041 
     5640.0000  -1.495580   0.300412  -1.195168 
     5670.0000  -1.499841   0.300637  -1.199204 
     5700.0000  -1.497595   0.299252  -1.198343 
     5730.0000  -1.496836   0.301090  -1.195745 
     5760.0000  -1.494194   0.299923  -1.194272 
     5790.0000  -1.496494   0.299369  -1.197124 
     5820.0000  -1.497275   0.299683  -1.197592 
     5850.0000  -1.497958   0.299699  -1.198260 
     5880.0000  -1.495501   0.298906  -1.196595 
     5910.0000  -1.496264   0.298824  -1.197440 
     5940.0000  -1.498350   0.299530  -1.198820 
     5970.0000  -1.497244   0.299647  -1.197597 
     6000.0000  -1.498467   0.300437  -1.198030 
     6030.0000  -1.496278   0.298935  -1.197343 
     6060.0000  -1.496917   0.300059  -1.196858 
     6090.0000  -1.499791   0.301996  -1.197794 
     6120.0000  -1.497440   0.301499  -1.195941 
     6150.0000  -1.498474   0.298647  -1.199826 
     6180.0000  -1.498990   0.300358  -1.198632 
     6210.0000  -1.497540   0.299582  -1.197958 
     6240.0000  -1.499831   0.300154  -1.199677 
     6270.0000  -1.498834   0.298704  -1.200130 
     6300.0000  -1.498954   0.300016  -1.198938 
     6330.0000  -1.495421   0.299052  -1.196369 
     6360.0000  -1.496737   0.300366  -1.196371 
     6390.0000  -1.496712   0.299025  -1.197687 
     6420.0000  -1.495931   0.298841  -1.197090 
     6450.0000  -1.494881   0.298428  -1.196453 
     6480.0000  -1.499172   0.301801  -1.197372 
     6510.0000  -1.495332   0.298389  -1.196943 
     6540.0000  -1.497847   0.300788  -1.197058 
     6570.0000  -1.495098   0.300109  -1.194989 
     6600.0000  -1.495454   0.299519  -1.195935 
     6630.0000  -1.498675   0.300175  -1.198500 
     6660.0000  -1.497573   0.297870  -1.199703 
     6690.0000  -1.497209   0.299506  -1.197703 
     6720.0000  -1.497173   0.299373  -1.197800 
     6750.0000  -1.495922   0.299858  -1.196064 
     6780.0000  -1.497189   0.301838  -1.195351 
     6810.0000  -1.493853   0.299831  -1.194022 
     6840.0000  -1.494205   0.300983  -1.193222 
     6870.0000  -1.495774   0.300131  -1.195644 
     6900.0000  -1.497009   0.300357  -1.196652 
     6930.0000  -1.496373   0.300550  -1.195822 
     6960.0000  -1.495632   0.300648  -1.194984 
     6990.0000  -1.497147   0.300360  -1.196787 
     7020.0000  -1.497600   0.300524  -1.197076 
     7050.0000  -1.499102   0.301053  -1.198049 
     7080.0000  -1.496351   0.299573  -1.196778 
     7110.0000  -1.494567   0.298945  -1.195622 
     7140.0000  -1.497493   0.302393  -1.195099 
     7170.0000  -1.498384   0.302381  -1.196003 
     7200.0000  -1.495551   0.299853  -1.195697 
     7230.0000  -1.496525   0.299604  -1.196921 
     7260.0000  -1.498397   0.300450  -1.197947 
     7290.0000  -1.496749   0.299506  -1.197243 
     7320.0000  -1.495816   0.300595  -1.195220 
     7350.0000  -1.495561   0.300900  -1.194661 
     7380.0000  -1.497117   0.301004  -1.196113 
     7410.0000  -1.496031   0.301488  -1.194543 
     7440.0000  -1.498124   0.302934  -1.195190 
     7470.0000  -1.497295   0.299224  -1.198072 
     7500.0000  -1.495354   0.298852  -1.196502 
     7530.0000  -1.493856   0.299632  -1.194224 
     7560.0000  -1.498041   0.301867  -1.196174 
     7590.0000  -1.497334   0.299715  -1.197619 
     7620.0000  -1.497071   0.298603  -1.198468 
     7650.0000  -1.501277   0.301396  -1.199881 
     7680.0000  -1.497273   0.301414  -1.195858 
     7710.0000  -1.496208   0.301524  -1.194684 
     7740.0000  -1.496311   0.300370  -1.195941 
     7770.0000  -1.496907   0.301065  -1.195842 
     7800.0000  -1.498018   0.299421  -1.198598 
     7830.0000  -1.497324   0.302049  -1.195275 
     7860.0000  -1.497717   0.302479  -1.195237 
     7890.0000  -1.495484   0.301397  -1.194087 
     7920.0000  -1.495493   0.301302  -1.194191 
     7950.0000  -1.495095   0.300636  -1.194460 
     7980.0000  -1.498149   0.300924  -1.197224 
     8010.0000  -1.498023   0.301747  -1.196277 
     8040.0000  -1.498538   0.297840  -1.200698 
     8070.0000  -1.496803   0.298100  -1.198703 
     8100.0000  -1.495764   0.299841  -1.195923 
     8130.0000  -1.496174   0.301391  -1.194783 
     8160.0000  -1.497317   0.298474  -1.198842 
     8190.0000  -1.499838   0.299534  -1.200304 
     8220.0000  -1.497940   0.297507  -1.200433 
     8250.0000  -1.501570   0.300965  -1.200605 
     8280.0000  -1.497398   0.298292  -1.199107 
     8310.0000  -1.501688   0.300959  -1.200729 
     8340.0000  -1.500463   0.299375  -1.201088 
     8370.0000  -1.502840   0.301736  -1.201104 
     8400.0000  -1.498225   0.296752  -1.201473 
     8430.0000  -1.499462   0.302545  -1.196918 
     8460.0000  -1.499903   0.301073  -1.198830 
     8490.0000  -1.498278   0.299873  -1.198404 
     8520.0000  -1.496098   0.299710  -1.196388 
     8550.0000  -1.499125   0.299468  -1.199658 
     8580.0000  -1.500300   0.298513  -1.201786 
     8610.0000  -1.499574   0.300683  -1.198891 
     8640.0000  -1.499361   0.298861  -1.200500 
     8670.0000  -1.501902   0.299341  -1.202561 
     8700.0000  -1.500483   0.299088  -1.201394 
     8730.0000  -1.501192   0.301042  -1.200150 
     8760.0000  -1.496261   0.297913  -1.198348 
     8790.0000  -1.498346   0.301754  -1.196592 
     8820.0000  -1.496182   0.297938  -1.198244 
     8850.0000  -1.497441   0.299952  -1.197489 
     8880.0000  -1.496387   0.299106  -1.197281 
     8910.0000  -1.497171   0.300947  -1.196224 
     8940.0000  -1.498939   0.300909  -1.198030 
     8970.0000  -1.497884   0.300510  -1.197373 
     9000.0000  -1.499022   0.299948  -1.199074 
     9030.0000  -1.498655   0.298419  -1.200235 
     9060.0000  -1.498947   0.300541  -1.198405 
     9090.0000  -1.497755   0.300396  -1.197359 
     9120.0000  -1.497807   0.300842  -1.196964 
     9150.0000  -1.497569   0.300863  -1.196707 
     9180.0000  -1.499550   0.300787  -1.198764 
     9210.0000  -1.496559   0.298136  -1.198423 
     9240.0000  -1.498110   0.299138  -1.198972 
     9270.0000  -1.498446   0.300678  -1.197768 
     9300.0000  -1.497578   0.299281  -1.198297 
     9330.0000  -1.497082   0.300261  -1.196821 
     9360.0000  -1.497694   0.301426  -1.196267 
     9390.0000  -1.500362   0.302540  -1.197822 
     9420.0000  -1.498641   0.302012  -1.196629 
     9450.0000  -1.498420   0.300193  -1.198227 
     9480.0000  -1.497978   0.301690  -1.196288 
     9510.0000  -1.497927   0.300290  -1.197637 
     9540.0000  -1.496784   0.300340  -1.196444 
     9570.0000  -1.498288   0.300347  -1.197941 
     9600.0000  -1.499570   0.301437  -1.198134 
     9630.0000  -1.498367   0.300144  -1.198223 
     9660.0000  -1.496417   0.299667  -1.196750 
     9690.0000  -1.496231   0.299226  -1.197005 
     9720.0000  -1.497600   0.299089  -1.198511 
     9750.0000  -1.496411   0.299348  -1.197063 
     9780.0000  -1.496253   0.301427  -1.194825 
     9810.0000  -1.498760   0.301356  -1.197404 
     9840.0000  -1.498667   0.299440  -1.199227 
     9870.0000  -1.498342   0.301786  -1.196556 
     9900.0000  -1.495752   0.299946  -1.195806 
     9930.0000  -1.498027   0.301721  -1.196306 
     9960.0000  -1.497486   0.298242  -1.199244 
     9990.0000  -1.498015   0.298856  -1.199159 
    10020.0000  -1.497450   0.299625  -1.197825 
    10050.0000  -1.500074   0.300068  -1.200006 
    10080.0000  -1.498397   0.298922  -1.199474 
    10110.0000  -1.498642   0.301844  -1.196797 
    10140.0000  -1.498248   0.303003  -1.195245 
    10170.0000  -1.498204   0.300926  -1.197278 
    10200.0000  -1.498317   0.300182  -1.198136 
    10230.0000  -1.499100   0.302983  -1.196117 
    10260.0000  -1.496186   0.301303  -1.194883 
    10290.0000  -1.495685   0.301279  -1.194407 
    10320.0000  -1.496160   0.301104  -1.195056 
    10350.0000  -1.495814   0.300250  -1.195565 
    10380.0000  -1.498103   0.301320  -1.196783 
    10410.0000  -1.499210   0.299413  -1.199797 
    10440.0000  -1.498885   0.297833  -1.201053 
    10470.0000  -1.499897   0.299909  -1.199988 
    10500.0000  -1.499399   0.299699  -1.199700 
    10530.0000  -1.497220   0.300380  -1.196839 
    10560.0000  -1.498126   0.303408  -1.194717 
    10590.0000  -1.495267   0.300329  -1.194938 
    10620.0000  -1.495134   0.299471  -1.195663 
    10650.0000  -1.498438   0.300735  -1.197703 
    10680.0000  -1.499120   0.301451  -1.197669 
    10710.0000  -1.498246   0.302632  -1.195613 
    10740.0000  -1.495498   0.298498  -1.197000 
    10770.0000  -1.498157   0.301029  -1.197128 
    10800.0000  -1.498328   0.300437  -1.197891 
    10830.0000  -1.496563   0.298817  -1.197746 
    10860.0000  -1.499145   0.301753  -1.197393 
    10890.0000  -1.499546   0.299938  -1.199608 
    10920.0000  -1.496985   0.299070  -1.197915 
    10950.0000  -1.498960   0.302413  -1.196548 
    10980.0000  -1.499211   0.299128  -1.200083 
    11010.0000  -1.499527   0.298278  -1.201249 
    11040.0000  -1.499947   0.299159  -1.200787 
    11070.0000  -1.499148   0.299652  -1.199496 
    11100.0000  -1.499415   0.300053  -1.199362 
    11130.0000  -1.501780   0.299781  -1.202000 
    11160.0000  -1.499100   0.296626  -1.202473 
    11190.0000  -1.498531   0.296381  -1.202150 
    11220.0000  -1.500347   0.297625  -1.202722 
    11250.0000  -1.498831   0.298639  -1.200192 
    11280.0000  -1.498605   0.299960  -1.198645 
    11310.0000  -1.499849   0.299467  -1.200382 
    11340.0000  -1.500001   0.299410  -1.200590 
    11370.0000  -1.497411   0.300331  -1.197080 
    11400.0000  -1.500932   0.301112  -1.199820 
    11430.0000  -1.500045   0.300772  -1.199273 
    11460.0000  -1.498381   0.299196  -1.199185 
    11490.0000  -1.498476   0.299201  -1.199275 
    11520.0000  -1.498195   0.300974  -1.197221 
    11550.0000  -1.499560   0.302143  -1.197417 
    11580.0000  -1.498990   0.300201  -1.198789 
    11610.0000  -1.498498   0.299124  -1.199374 
    11640.0000  -1.496281   0.297965  -1.198316 
    11670.0000  -1.498197   0.300025  -1.198172 
    11700.0000  -1.497006   0.298527  -1.198480 
    11730.0000  -1.495897   0.299232  -1.196665 
    11760.0000  -1.495467   0.299395  -1.196072 
    11790.0000  -1.497956   0.300833  -1.197123 
    11820.0000  -1.498862   0.300849  -1.198013 
    11850.0000  -1.499123   0.300762  -1.198361 
    11880.0000  -1.499265   0.299208  -1.200058 
    11910.0000  -1.498831   0.298787  -1.200044 
    11940.0000  -1.498662   0.299449  -1.199213 
    11970.0000  -1.497378   0.299541  -1.197837 
    12000.0000  -1.494395   0.299376  -1.195019 
    12030.0000  -1.494251   0.302360  -1.191891 
    12060.0000  -1.493805   0.302967  -1.190838 
    12090.0000  -1.494738   0.302132  -1.192606 
    12120.0000  -1.497050   0.302979  -1.194071 
    12150.0000  -1.496657   0.302179  -1.194478 
    12180.0000  -1.498649   0.302089  -1.196561 
    12210.0000  -1.499194   0.300301  -1.198894 
    12240.0000  -1.501662   0.300410  -1.201252 
    12270.0000  -1.498481   0.298671  -1.199810 
    12300.0000  -1.496462   0.299892  -1.196571 
    12330.0000  -1.498609   0.300377  -1.198232 
    12360.0000  -1.498307   0.299993  -1.198315 
    12390.0000  -1.497507   0.300750  -1.196757 
    12420.0000  -1.497126   0.300107  -1.197020 
    12450.0000  -1.496889   0.298137  -1.198752 
    12480.0000  -1.498764   0.301856  -1.196908 
    12510.0000  -1.494671   0.298652  -1.196019 
    12540.0000  -1.497086   0.299186  -1.197900 
    12570.0000  -1.500130   0.300268  -1.199861 
    12600.0000  -1.499529   0.300108  -1.199420 
    12630.0000  -1.502173   0.298889  -1.203284 
    12660.0000  -1.501982   0.300037  -1.201945 
    12690.0000  -1.500222   0.301243  -1.198979 
    12720.0000  -1.497826   0.300282  -1.197544 
    12750.0000  -1.498148   0.300547  -1.197601 
    12780.0000  -1.498349   0.298572  -1.199778 
    12810.0000  -1.498974   0.298755  -1.200219 
    12840.0000  -1.500456   0.303346  -1.197110 
    12870.0000  -1.498748   0.300180  -1.198568 
    12900.0000  -1.497701   0.298463  -1.199238 
    12930.0000  -1.497726   0.299905  -1.197822 
    12960.0000  -1.498917   0.302738  -1.196178 
    12990.0000  -1.497532   0.302358  -1.195174 
    13020.0000  -1.495813   0.300197  -1.195616 
    13050.0000  -1.496249   0.302834  -1.193416 
    13080.0000  -1.499570   0.301647  -1.197923 
    13110.0000  -1.497094   0.300430  -1.196665 
    13140.0000  -1.498413   0.302931  -1.195482 
    13170.0000  -1.496680   0.301392  -1.195288 
    13200.0000  -1.491903   0.298151  -1.193753 
    13230.0000  -1.495915   0.300054  -1.195861 
    13260.0000  -1.496792   0.300429  -1.196363 
    13290.0000  -1.497147   0.299407  -1.197740 
    13320.0000  -1.496294   0.300598  -1.195696 
    13350.0000  -1.496274   0.299909  -1.196366 
    13380.0000  -1.499717   0.299923  -1.199795 
    13410.0000  -1.500144   0.300126  -1.200018 
    13440.0000  -1.498292   0.299761  -1.198531 
    13470.0000  -1.497660   0.299300  -1.198359 
    13500.0000  -1.498795   0.299011  -1.199783 
    13530.0000  -1.497900   0.300489  -1.197412 
    13560.0000  -1.496179   0.300229  -1.195950 
    13590.0000  -1.497244   0.299796  -1.197448 
    13620.0000  -1.499202   0.299994  -1.199208 
    13650.0000  -1.498908   0.300794  -1.198114 
    13680.0000  -1.500266   0.301457  -1.198810 
    13710.0000  -1.498914   0.297860  -1.201054 
    13740.0000  -1.499213   0.300186  -1.199027 
    13770.0000  -1.496963   0.299924  -1.197039 
    13800.0000  -1.497738   0.300725  -1.197013 
    13830.0000  -1.498452   0.300498  -1.197954 
    13860.0000  -1.498251   0.300533  -1.197717 
    13890.0000  -1.499697   0.300387  -1.199309 
    13920.0000  -1.497194   0.299756  -1.197438 
    13950.0000  -1.497535   0.300205  -1.197330 
    13980.0000  -1.497630   0.298740  -1.198890 
    14010.0000  -1.500264   0.301858  -1.198407 
    14040.0000  -1.498445   0.298229  -1.200216 
    14070.0000  -1.498999   0.300277  -1.198722 
    14100.0000  -1.499113   0.300100  -1.199013 
    14130.0000  -1.499515   0.298125  -1.201390 
    14160.0000  -1.499608   0.298282  -1.201326 
    14190.0000  -1.499687   0.299168  -1.200519 
    14220.0000  -1.497679   0.299697  -1.197982 
    14250.0000  -1.498652   0.301075  -1.197576 
    14280.0000  -1.500608   0.300727  -1.199880 
    14310.0000  -1.499438   0.299934  -1.199505 
    14340.0000  -1.498826   0.300917  -1.197908 
    14370.0000  -1.497961   0.300216  -1.197745 
    14400.0000  -1.497562   0.301157  -1.196405 
    14430.0000  -1.496280   0.299708  -1.196572 
    14460.0000  -1.497973   0.300091  -1.197881 
    14490.0000  -1.498358   0.300506  -1.197852 
    14520.0000  -1.496500   0.297771  -1.198729 
    14550.0000  -1.497574   0.299942  -1.197632 
    14580.0000  -1.495728   0.298984  -1.196744 
    14610.0000  -1.498392   0.302444  -1.195949 
    14640.0000  -1.499953   0.300757  -1.199196 
    14670.0000  -1.500567   0.299064  -1.201504 
    14700.0000  -1.499430   0.298512  -1.200918 
    14730.0000  -1.499725   0.299376  -1.200349 
    14760.0000  -1.499681   0.298696  -1.200984 
    14790.0000  -1.497818   0.298178  -1.199641 
    14820.0000  -1.499961   0.299535  -1.200426 
    14850.0000  -1.499311   0.297358  -1.201953 
    14880.0000  -1.499532   0.298809  -1.200722 
    14910.0000  -1.498536   0.300510  -1.198025 
    14940.0000  -1.498254   0.301904  -1.196350 
    14970.0000  -1.497701   0.300256  -1.197445 
    15000.0000  -1.497446   0.298660  -1.198786 
    15030.0000  -1.500769   0.300748  -1.200021 
    15060.0000  -1.498429   0.301057  -1.197373 
    15090.0000  -1.497276   0.299803  -1.197474 
    15120.0000  -1.498565   0.301930  -1.196636 
    15150.0000  -1.498092   0.299516  -1.198576 
    15180.0000  -1.498399   0.300372  -1.198027 
    15210.0000  -1.498970   0.302445  -1.196525 
    15240.0000  -1.499746   0.300631  -1.199115 
    15270.0000  -1.497771   0.299327  -1.198445 
    15300.0000  -1.499256   0.301234  -1.198023 
    15330.0000  -1.497327   0.300121  -1.197206 
    15360.0000  -1.498559   0.301569  -1.196990 
    15390.0000  -1.497892   0.300038  -1.197854 
    15420.0000  -1.496488   0.299918  -1.196569 
    15450.0000  -1.494222   0.299630  -1.194592 
    15480.0000  -1.497675   0.302003  -1.195672 
    15510.0000  -1.497184   0.300186  -1.196997 
    15540.0000  -1.497077   0.301610  -1.195467 
    15570.0000  -1.497547   0.299893  -1.197654 
    15600.0000  -1.497114   0.300024  -1.197090 
    15630.0000  -1.498980   0.301211  -1.197769 
    15660.0000  -1.499339   0.301751  -1.197588 
    15690.0000  -1.497051   0.300953  -1.196098 
    15720.0000  -1.496839   0.301882  -1.194957 
    15750.0000  -1.497746   0.299658  -1.198089 
    15780.0000  -1.497654   0.298946  -1.198708 
    15810.0000  -1.499708   0.299937  -1.199771 
    15840.0000  -1.498222   0.299444  -1.198778 
    15870.0000  -1.498274   0.297914  -1.200361 
    15900.0000  -1.499459   0.299074  -1.200384 
    15930.0000  -1.499629   0.299964  -1.199664 
    15960.0000  -1.499318   0.299333  -1.199985 
    15990.0000  -1.500005   0.299091  -1.200914 
    16020.0000  -1.500468   0.297666  -1.202803 
    16050.0000  -1.499026   0.299629  -1.199397 
    16080.0000  -1.499033   0.298456  -1.200577 
    16110.0000  -1.503925   0.301280  -1.202645 
    16140.0000  -1.499341   0.299077  -1.200265 
    16170.0000  -1.498804   0.299267  -1.199537 
    16200.0000  -1.499902   0.299744  -1.200158 
    16230.0000  -1.500566   0.299595  -1.200970 
    16260.0000  -1.498455   0.300469  -1.197986 
    16290.0000  -1.498252   0.302210  -1.196042 
    16320.0000  -1.495916   0.300939  -1.194977 
    16350.0000  -1.498278   0.302464  -1.195813 
    16380.0000  -1.498379   0.299690  -1.198689 
    16410.0000  -1.497503   0.297728  -1.199775 
    16440.0000  -1.501366   0.299020  -1.202346 
    16470.0000  -1.499809   0.298641  -1.201168 
    16500.0000  -1.499981   0.297814  -1.202167 
    16530.0000  -1.500903   0.300951  -1.199952 
    16560.0000  -1.499464   0.300148  -1.199316 
    16590.0000  -1.499383   0.300033  -1.199350 
    16620.0000  -1.499099   0.298830  -1.200268 
    16650.0000  -1.498889   0.296816  -1.202073 
    16680.0000  -1.502123   0.299189  -1.202934 
    16710.0000  -1.501756   0.301772  -1.199984 
    16740.0000  -1.498184   0.299971  -1.198212 
    16770.0000  -1.499117   0.299353  -1.199764 
    16800.0000  -1.500624   0.298952  -1.201672 
    16830.0000  -1.499228   0.298488  -1.200740 
    16860.0000  -1.500053   0.299693  -1.200360 
    16890.0000  -1.498654   0.299951  -1.198703 
    16920.0000  -1.498223   0.298759  -1.199464 
    16950.0000  -1.497931   0.300439  -1.197492 
    16980.0000  -1.496431   0.297423  -1.199008 
    17010.0000  -1.498034   0.297648  -1.200387 
    17040.0000  -1.501512   0.299101  -1.202411 
    17070.0000  -1.499371   0.298850  -1.200521 
    17100.0000  -1.500446   0.299161  -1.201285 
    17130.0000  -1.497982   0.299390  -1.198592 
    17160.0000  -1.496612   0.298242  -1.198370 
    17190.0000  -1.497958   0.301019  -1.196939 
    17220.0000  -1.495856   0.300433  -1.195423 
    17250.0000  -1.497050   0.301561  -1.195489 
    17280.0000  -1.495875   0.300178  -1.195698 
    17310.0000  -1.495523   0.301528  -1.193995 
    17340.0000  -1.495421   0.301327  -1.194094 
    17370.0000  -1.494863   0.302142  -1.192721 
    17400.0000  -1.496218   0.300406  -1.195811 
    17430.0000  -1.497586   0.299235  -1.198351 
    17460.0000  -1.498979   0.299005  -1.199974 
    17490.0000  -1.499579   0.299304  -1.200275 
    17520.0000  -1.498491   0.298451  -1.200040 
    17550.0000  -1.500187   0.300839  -1.199348 
    17580.0000  -1.497126   0.298862  -1.198264 
    17610.0000  -1.497272   0.300986  -1.196286 
    17640.0000  -1.496108   0.301990  -1.194118 
    17670.0000  -1.497224   0.302019  -1.195206 
    17700.0000  -1.496188   0.300914  -1.195275 
    17730.0000  -1.497118   0.300453  -1.196665 
    17760.0000  -1.496486   0.298928  -1.197558 
    17790.0000  -1.495800   0.302318  -1.193482 
    17820.0000  -1.496275   0.302898  -1.193378 
    17850.0000  -1.497579   0.301750  -1.195829 
    17880.0000  -1.498146   0.300421  -1.197725 
    17910.0000  -1.496163   0.299136  -1.197027 
    17940.0000  -1.495589   0.300199  -1.195391 
    17970.0000  -1.498603   0.300962  -1.197641 
    18000.0000  -1.499483   0.299680  -1.199803 
    18030.0000  -1.499701   0.302055  -1.197646 
    18060.0000  -1.496090   0.301050  -1.195040 
    18090.0000  -1.496674   0.300535  -1.196140 
    18120.0000  -1.496203   0.301770  -1.194433 
    18150.0000  -1.495538   0.301706  -1.193832 
    18180.0000  -1.496904   0.301891  -1.195013 
    18210.0000  -1.498273   0.300899  -1.197375 
    18240.0000  -1.500151   0.301159  -1.198992 
    18270.0000  -1.497772   0.299009  -1.198764 
    18300.0000  -1.498726   0.300161  -1.198565 
    18330.0000  -1.497190   0.299709  -1.197481 
    18360.0000  -1.499754   0.300954  -1.198800 
    18390.0000  -1.498592   0.297588  -1.201004 
    18420.0000  -1.498881   0.299865  -1.199016 
    18450.0000  -1.500624   0.298905  -1.201719 
    18480.0000  -1.501228   0.299914  -1.201314 
    18510.0000  -1.496804   0.297438  -1.199366 
    18540.0000  -1.498131   0.300343  -1.197788 
    18570.0000  -1.499193   0.301065  -1.198127 
    18600.0000  -1.500747   0.299693  -1.201055 
    18630.0000  -1.497616   0.299623  -1.197993 
    18660.0000  -1.496378   0.299162  -1.197217 
    18690.0000  -1.499635   0.298682  -1.200953 
    18720.0000  -1.497969   0.297850  -1.200119 
    18750.0000  -1.498321   0.298198  -1.200123 
    18780.0000  -1.498534   0.301595  -1.196939 
    18810.0000  -1.497428   0.298695  -1.198733 
    18840.0000  -1.496837   0.298649  -1.198188 
    18870.0000  -1.496713   0.301328  -1.195385 
    18900.0000  -1.499499   0.302059  -1.197439 
    18930.0000  -1.497712   0.297594  -1.200118 
    18960.0000  -1.497714   0.298807  -1.198908 
    18990.0000  -1.498122   0.299006  -1.199116 
    19020.0000  -1.498695   0.298476  -1.200219 
    19050.0000  -1.497982   0.300062  -1.197920 
    19080.0000  -1.498395   0.299004  -1.199390 
    19110.0000  -1.498920   0.298530  -1.200391 
    19140.0000  -1.500231   0.300884  -1.199348 
    19170.0000  -1.499778   0.299112  -1.200665 
    19200.0000  -1.498174   0.298204  -1.199969 
    19230.0000  -1.500398   0.300443  -1.199955 
    19260.0000  -1.497294   0.297027  -1.200266 
    19290.0000  -1.498354   0.298942  -1.199412 
    19320.0000  -1.498147   0.298524  -1.199623 
    19350.0000  -1.499256   0.300178  -1.199078 
    19380.0000  -1.497298   0.300827  -1.196470 
    19410.0000  -1.494773   0.300279  -1.194494 
    19440.0000  -1.496476   0.302022  -1.194455 
    19470.0000  -1.496282   0.301364  -1.194918 
    19500.0000  -1.495050   0.301058  -1.193993 
    19530.0000  -1.494060   0.300946  -1.193114 
    19560.0000  -1.495591   0.302000  -1.193591 
    19590.0000  -1.497128   0.303051  -1.194077 
    19620.0000  -1.496061   0.302102  -1.193958 
    19650.0000  -1.498275   0.301243  -1.197032 
    19680.0000  -1.495648   0.300273  -1.195375 
    19710.0000  -1.497752   0.300930  -1.196823 
    19740.0000  -1.499746   0.300484  -1.199263 
    19770.0000  -1.501613   0.301429  -1.200184 
    19800.0000  -1.502302   0.299306  -1.202996 
    19830.0000  -1.500750   0.300249  -1.200501 
    19860.0000  -1.502118   0.299788  -1.202330 
    19890.0000  -1.501410   0.298459  -1.202951 
    19920.0000  -1.495510   0.297363  -1.198147 
    19950.0000  -1.498239   0.301103  -1.197136 
    19980.0000  -1.498128   0.298670  -1.199458 
    20010.0000  -1.500292   0.301886  -1.198406 
    20040.0000  -1.500312   0.301822  -1.198490 
    20070.0000  -1.500239   0.300673  -1.199566 
    20100.0000  -1.499099   0.301190  -1.197909 
    20130.0000  -1.496877   0.299930  -1.196948 
    20160.0000  -1.498258   0.299984  -1.198274 
    20190.0000  -1.497207   0.300286  -1.196921 
    20220.0000  -1.496139   0.299355  -1.196784 
    20250.0000  -1.499185   0.300942  -1.198243 
    20280.0000  -1.496613   0.299594  -1.197019 
    20310.0000  -1.495329   0.300091  -1.195238 
    20340.0000  -1.497606   0.299934  -1.197672 
    20370.0000  -1.498666   0.300002  -1.198665 
    20400.0000  -1.498095   0.299429  -1.198666 
    20430.0000  -1.497914   0.298000  -1.199913 
    20460.0000  -1.499340   0.299323  -1.200017 
    20490.0000  -1.497130   0.299453  -1.197677 
    20520.0000  -1.496429   0.300795  -1.195634 
    20550.0000  -1.497185   0.300631  -1.196554 
    20580.0000  -1.497013   0.301316  -1.195697 
    20610.0000  -1.498779   0.300221  -1.198558 
    20640.0000  -1.497367   0.300889  -1.196478 
    20670.0000  -1.497453   0.300562  -1.196890 
    20700.0000  -1.498538   0.299771  -1.198767 
    20730.0000  -1.498673   0.299712  -1.198960 
    20760.0000  -1.498342   0.302231  -1.196111 
    20790.0000  -1.497598   0.300216  -1.197383 
    20820.0000  -1.496678   0.299134  -1.197544 
    20850.0000  -1.498483   0.301071  -1.197412 
    20880.0000  -1.495851   0.300249  -1.195602 
    20910.0000  -1.496865   0.299798  -1.197068 
    20940.0000  -1.496991   0.300283  -1.196708 
    20970.0000  -1.497397   0.300133  -1.197264 
    21000.0000  -1.498192   0.298449  -1.199743 
    21030.0000  -1.500612   0.302357  -1.198255 
    21060.0000  -1.499585   0.300255  -1.199330 
    21090.0000  -1.500883   0.297771  -1.203113 
    21120.0000  -1.501688   0.297973  -1.203715 
    21150.0000  -1.499345   0.298893  -1.200451 
    21180.0000  -1.498981   0.301024  -1.197957 
    21210.0000  -1.497274   0.300303  -1.196971 
    21240.0000  -1.498213   0.299758  -1.198455 
    21270.0000  -1.497822   0.300016  -1.197806 
    21300.0000  -1.499330   0.300874  -1.198456 
    21330.0000  -1.497152   0.300351  -1.196801 
    21360.0000  -1.499335   0.302249  -1.197086 
    21390.0000  -1.497786   0.301494  -1.196291 
    21420.0000  -1.498903   0.301560  -1.197342 
    21450.0000  -1.496893   0.299756  -1.197137 
    21480.0000  -1.498203   0.301250  -1.196953 
    21510.0000  -1.498211   0.299450  -1.198762 
    21540.0000  -1.499639   0.300054  -1.199585 
    21570.0000  -1.497366   0.302557  -1.194809 
    21600.0000  -1.496302   0.301492  -1.194809 
    21630.0000  -1.497527   0.301180  -1.196347 
    21660.0000  -1.497266   0.300650  -1.196616 
    21690.0000  -1.496473   0.300180  -1.196293 
    21720.0000  -1.498457   0.301154  -1.197303 
    21750.0000  -1.495674   0.300639  -1.195035 
    21780.0000  -1.498792   0.299432  -1.199359 
    21810.0000  -1.501981   0.301137  -1.200845 
    21840.0000  -1.500112   0.298636  -1.201476 
    21870.0000  -1.499028   0.298060  -1.200968 
    21900.0000  -1.499339   0.296683  -1.202656 
    21930.0000  -1.501002   0.297928  -1.203073 
    21960.0000  -1.504018   0.302215  -1.201802 
    21990.0000  -1.499803   0.299363  -1.200440 
    22020.0000  -1.499725   0.299678  -1.200047 
    22050.0000  -1.497615   0.298884  -1.198731 
    22080.0000  -1.497298   0.298403  -1.198896 
    22110.0000  -1.499860   0.297892  -1.201968 
    22140.0000  -1.500612   0.298500  -1.202112 
    22170.0000  -1.500658   0.299408  -1.201250 
    22200.0000  -1.501315   0.298598  -1.202717 
    22230.0000  -1.501314   0.298293  -1.203021 
    22260.0000  -1.501169   0.300994  -1.200175 
    22290.0000  -1.496001   0.299239  -1.196762 
    22320.0000  -1.496193   0.301370  -1.194823 
    22350.0000  -1.497768   0.301898  -1.195870 
    22380.0000  -1.496322   0.299063  -1.197259 
    22410.0000  -1.497082   0.300896  -1.196186 
    22440.0000  -1.497967   0.300308  -1.197659 
    22470.0000  -1.499642   0.301783  -1.197860 
    22500.0000  -1.499169   0.301114  -1.198055 
    22530.0000  -1.498147   0.300021  -1.198125 
    22560.0000  -1.497867   0.300685  -1.197182 
    22590.0000  -1.498895   0.301615  -1.197281 
    22620.0000  -1.497181   0.301651  -1.195530 
    22650.0000  -1.496207   0.301565  -1.194642 
    22680.0000  -1.497066   0.300221  -1.196846 
    22710.0000  -1.497984   0.301927  -1.196057 
    22740.0000  -1.497657   0.301496  -1.196161 
    22770.0000  -1.495099   0.302425  -1.192674 
    22800.0000  -1.497741   0.303111  -1.194631 
    22830.0000  -1.496869   0.300801  -1.196069 
    22860.0000  -1.496639   0.299216  -1.197422 
    22890.0000  -1.497179   0.298919  -1.198260 
    22920.0000  -1.498102   0.299193  -1.198909 
    22950.0000  -1.497793   0.300442  -1.197351 
    22980.0000  -1.500049   0.299490  -1.200559 
    23010.0000  -1.501699   0.299912  -1.201787 
    23040.0000  -1.501009   0.299106  -1.201903 
    23070.0000  -1.500485   0.298791  -1.201694 
    23100.0000  -1.498046   0.297600  -1.200446 
    23130.0000  -1.497608   0.298654  -1.198954 
    23160.0000  -1.497133   0.297781  -1.199353 
    23190.0000  -1.499262   0.298309  -1.200953 
    23220.0000  -1.499623   0.300242  -1.199381 
    23250.0000  -1.498961   0.297956  -1.201006 
    23280.0000  -1.500639   0.299514  -1.201126 
    23310.0000  -1.501714   0.298050  -1.203663 
    23340.0000  -1.499440   0.298891  -1.200549 
    23370.0000  -1.500009   0.300526  -1.199483 
    23400.0000  -1.499044   0.298794  -1.200251 
    23430.0000  -1.498678   0.300781  -1.197897 
    23460.0000  -1.497022   0.300930  -1.196092 
    23490.0000  -1.498622   0.301685  -1.196937 
    23520.0000  -1.499544   0.300680  -1.198863 
    23550.0000  -1.499133   0.299535  -1.199598 
    23580.0000  -1.496907   0.298529  -1.198379 
    23610.0000  -1.498922   0.301718  -1.197204 
    23640.0000  -1.496411   0.300758  -1.195652 
    23670.0000  -1.499372   0.300917  -1.198455 
    23700.0000  -1.498957   0.298409  -1.200549 
    23730.0000  -1.498504   0.298305  -1.200199 
    23760.0000  -1.497775   0.301313  -1.196462 
    23790.0000  -1.499196   0.301999  -1.197198 
    23820.0000  -1.498072   0.299028  -1.199043 
    23850.0000  -1.498254   0.301459  -1.196795 
    23880.0000  -1.498580   0.300882  -1.197698 
    23910.0000  -1.499432   0.300422  -1.199010 
    23940.0000  -1.497564   0.298915  -1.198649 
    23970.0000  -1.501702   0.302173  -1.199529 
    24000.0000  -1.500547   0.299969  -1.200578 
    24030.0000  -1.497381   0.299479  -1.197902 
    24060.0000  -1.495988   0.300709  -1.195280 
    24090.0000  -1.494792   0.301374  -1.193418 
    24120.0000  -1.497246   0.300401  -1.196845 
    24150.0000  -1.499690   0.299846  -1.199844 
    24180.0000  -1.498035   0.300366  -1.197669 
    24210.0000  -1.496651   0.299374  -1.197276 
    24240.0000  -1.495288   0.299710  -1.195578 
    24270.0000  -1.496208   0.299590  -1.196619 
    24300.0000  -1.498263   0.301418  -1.196845 
    24330.0000  -1.494759   0.299036  -1.195723 
    24360.0000  -1.496908   0.301724  -1.195184 
    24390.0000  -1.496546   0.299496  -1.197050 
    24420.0000  -1.494826   0.299945  -1.194881 
    24450.0000  -1.497208   0.302946  -1.194261 
    24480.0000  -1.495524   0.302500  -1.193024 
    24510.0000  -1.494612   0.299813  -1.194799 
    24540.0000  -1.499286   0.302509  -1.196777 
    24570.0000  -1.496463   0.299166  -1.197297 
    24600.0000  -1.498310   0.301451  -1.196859 
    24630.0000  -1.497712   0.301889  -1.195823 
    24660.0000  -1.497152   0.298963  -1.198189 
    24690.0000  -1.498993   0.301285  -1.197708 
    24720.0000  -1.496390   0.299992  -1.196397 
    24750.0000  -1.495927   0.299255  -1.196673 
    24780.0000  -1.497649   0.297692  -1.199958 
    24810.0000  -1.499810   0.300609  -1.199201 
    24840.0000  -1.497285   0.300463  -1.196821 
    24870.0000  -1.494992   0.301318  -1.193674 
    24900.0000  -1.494879   0.300365  -1.194515 
    24930.0000  -1.497952   0.301570  -1.196382 
    24960.0000  -1.494278   0.300443  -1.193836 
    24990.0000  -1.496458   0.301527  -1.194931 
    25020.0000  -1.493980   0.300743  -1.193236 
    25050.0000  -1.496923   0.302031  -1.194892 
    25080.0000  -1.496462   0.300930  -1.195532 
    25110.0000  -1.498027   0.301393  -1.196634 
    25140.0000  -1.495888   0.299461  -1.196427 
    25170.0000  -1.498644   0.299850  -1.198794 
    25200.0000  -1.496614   0.299210  -1.197404 
    25230.0000  -1.498021   0.298445  -1.199576 
    25260.0000  -1.496539   0.299899  -1.196640 
    25290.0000  -1.499448   0.299522  -1.199926 
    25320.0000  -1.501421   0.301307  -1.200114 
    25350.0000  -1.501305   0.298006  -1.203299 
    25380.0000  -1.499913   0.297327  -1.202587 
    25410.0000  -1.499369   0.298887  -1.200481 
    25440.0000  -1.498380   0.300796  -1.197584 
    25470.0000  -1.498190   0.299928  -1.198263 
    25500.0000  -1.498702   0.299871  -1.198831 
    25530.0000  -1.498430   0.300959  -1.197471 
    25560.0000  -1.495438   0.298882  -1.196556 
    25590.0000  -1.497491   0.299306  -1.198185 
    25620.0000  -1.497418   0.300591  -1.196827 
    25650.0000  -1.497787   0.299337  -1.198451 
    25680.0000  -1.500551   0.300893  -1.199658 
    25710.0000  -1.499507   0.300822  -1.198685 
    25740.0000  -1.499328   0.299975  -1.199353 
    25770.0000  -1.501384   0.301384  -1.200000 
    25800.0000  -1.499070   0.299282  -1.199788 
    25830.0000  -1.497531   0.299140  -1.198391 
    25860.0000  -1.501059   0.300871  -1.200188 
    25890.0000  -1.499849   0.298817  -1.201033 
    25920.0000  -1.500405   0.299132  -1.201273 
    25950.0000  -1.496630   0.297770  -1.198861 
    25980.0000  -1.500060   0.301390  -1.198670 
    26010.0000  -1.497518   0.299823  -1.197694 
    26040.0000  -1.496267   0.298605  -1.197662 
    26070.0000  -1.497239   0.299397  -1.197843 
    26100.0000  -1.498868   0.302782  -1.196086 
    26130.0000  -1.500017   0.299874  -1.200143 
    26160.0000  -1.500690   0.301181  -1.199509 
    26190.0000  -1.499582   0.301366  -1.198216 
    26220.0000  -1.498438   0.301292  -1.197146 
    26250.0000  -1.498951   0.302517  -1.196434 
    26280.0000  -1.497017   0.301018  -1.195999 
    26310.0000  -1.497837   0.301037  -1.196800 
    26340.0000  -1.497071   0.300821  -1.196250 
    26370.0000  -1.496191   0.300858  -1.195334 
    26400.0000  -1.497685   0.301997  -1.195688 
    26430.0000  -1.498617   0.302641  -1.195976 
    26460.0000  -1.496337   0.302769  -1.193568 
    26490.0000  -1.497462   0.302071  -1.195391 
    26520.0000  -1.496922   0.297110  -1.199812 
    26550.0000  -1.501452   0.300430  -1.201022 
    26580.0000  -1.497557   0.298364  -1.199193 
    26610.0000  -1.497586   0.300824  -1.196762 
    26640.0000  -1.498087   0.301369  -1.196718 
    26670.0000  -1.497788   0.299045  -1.198742 
    26700.0000  -1.500614   0.301066  -1.199548 
    26730.0000  -1.499343   0.300619  -1.198724 
    26760.0000  -1.498739   0.299473  -1.199265 
    26790.0000  -1.498007   0.298738  -1.199269 
    26820.0000  -1.497755   0.300110  -1.197645 
    26850.0000  -1.499756   0.300017  -1.199739 
    26880.0000  -1.497107   0.300404  -1.196703 
    26910.0000  -1.497073   0.299431  -1.197642 
    26940.0000  -1.497041   0.300893  -1.196148 
    26970.0000  -1.498638   0.301647  -1.196992 
    27000.0000  -1.497566   0.298776  -1.198790 
    27030.0000  -1.498472   0.299741  -1.198732 
    27060.0000  -1.499762   0.299969  -1.199793 
    27090.0000  -1.501143   0.299860  -1.201283 
    27120.0000  -1.499665   0.301467  -1.198199 
    27150.0000  -1.496041   0.300377  -1.195664 
    27180.0000  -1.498870   0.302379  -1.196491 
    27210.0000  -1.498410   0.302142  -1.196268 
    27240.0000  -1.499329   0.300000  -1.199329 
    27270.0000  -1.501610   0.300694  -1.200916 
    27300.0000  -1.497152   0.299029  -1.198124 
    27330.0000  -1.498620   0.301172  -1.197447 
    27360.0000  -1.497673   0.300533  -1.197140 
    27390.0000  -1.499377   0.302563  -1.196814 
    27420.0000  -1.498396   0.300626  -1.197770 
    27450.0000  -1.496981   0.301666  -1.195315 
    27480.0000  -1.496888   0.302018  -1.194870 
    27510.0000  -1.495798   0.300826  -1.194972 
    27540.0000  -1.496613   0.300497  -1.196116 
    27570.0000  -1.498514   0.300612  -1.197902 
    27600.0000  -1.497530   0.300526  -1.197004 
    27630.0000  -1.498160   0.298976  -1.199184 
    27660.0000  -1.499119   0.300443  -1.198676 
    27690.0000  -1.498859   0.298362  -1.200497 
    27720.0000  -1.500194   0.299701  -1.200494 
    27750.0000  -1.499071   0.299455  -1.199616 
    27780.0000  -1.501129   0.298967  -1.202162 
    27810.0000  -1.501883   0.301255  -1.200627 
    27840.0000  -1.500895   0.300859  -1.200036 
    27870.0000  -1.501130   0.300605  -1.200525 
    27900.0000  -1.499360   0.299204  -1.200157 
    27930.0000  -1.500657   0.298740  -1.201917 
    27960.0000  -1.498784   0.297206  -1.201578 
    27990.0000  -1.498618   0.299036  -1.199582 
    28020.0000  -1.499428   0.298826  -1.200602 
    28050.0000  -1.497846   0.299408  -1.198439 
    28080.0000  -1.497870   0.299960  -1.197910 
    28110.0000  -1.499239   0.301324  -1.197915 
    28140.0000  -1.499073   0.301151  -1.197922 
    28170.0000  -1.497723   0.300587  -1.197136 
    28200.0000  -1.498872   0.300615  -1.198257 
    28230.0000  -1.496376   0.300421  -1.195954 
    28260.0000  -1.495762   0.300880  -1.194883 
    28290.0000  -1.496371   0.301867  -1.194504 
    28320.0000  -1.495876   0.301449  -1.194428 
    28350.0000  -1.495989   0.300608  -1.195381 
    28380.0000  -1.499969   0.302417  -1.197552 
    28410.0000  -1.499374   0.299500  -1.199874 
    28440.0000  -1.497675   0.299485  -1.198191 
    28470.0000  -1.498277   0.297705  -1.200571 
    28500.0000  -1.498540   0.300828  -1.197713 
    28530.0000  -1.497150   0.301155  -1.195995 
    28560.0000  -1.499542   0.301635  -1.197907 
    28590.0000  -1.497691   0.301252  -1.196439 
    28620.0000  -1.494494   0.300766  -1.193728 
    28650.0000  -1.498833   0.304541  -1.194292 
    28680.0000  -1.495652   0.300726  -1.194926 
    28710.0000  -1.496351   0.300266  -1.196084 
    28740.0000  -1.496652   0.298844  -1.197809 
    28770.0000  -1.498064   0.300788  -1.197275 
    28800.0000  -1.499890   0.301426  -1.198465 
    28830.0000  -1.498861   0.301202  -1.197659 
    28860.0000  -1.497417   0.300233  -1.197184 
    28890.0000  -1.497446   0.300547  -1.196899 
    28920.0000  -1.499414   0.299511  -1.199903 
    28950.0000  -1.498933   0.297516  -1.201417 
    28980.0000  -1.497747   0.298561  -1.199185 
    29010.0000  -1.496585   0.298618  -1.197967 
    29040.0000  -1.499569   0.300242  -1.199327 
    29070.0000  -1.497174   0.301197  -1.195976 
    29100.0000  -1.495977   0.298499  -1.197478 
    29130.0000  -1.498424   0.300027  -1.198397 
    29160.0000  -1.496636   0.298473  -1.198163 
    29190.0000  -1.500959   0.302683  -1.198276 
    29220.0000  -1.497661   0.300230  -1.197431 
    29250.0000  -1.499869   0.301417  -1.198452 
    29280.0000  -1.497980   0.300807  -1.197173 
    29310.0000  -1.498409   0.299645  -1.198764 
    29340.0000  -1.497405   0.299695  -1.197710 
    29370.0000  -1.498873   0.299703  -1.199170 
    29400.0000  -1.497980   0.299502  -1.198478 
    29430.0000  -1.496555   0.299132  -1.197424 
    29460.0000  -1.496776   0.299894  -1.196882 
    29490.0000  -1.498370   0.300424  -1.197946 
    29520.0000  -1.497464   0.301885  -1.195579 
    29550.0000  -1.497673   0.298847  -1.198827 
    29580.0000  -1.499764   0.298684  -1.201080 
    29610.0000  -1.498193   0.299089  -1.199104 
    29640.0000  -1.499338   0.300533  -1.198805 
    29670.0000  -1.501150   0.300059  -1.201092 
    29700.0000  -1.499377   0.299412  -1.199965 
    29730.0000  -1.499164   0.300999  -1.198165 
    29760.0000  -1.500099   0.300663  -1.199436 
    29790.0000  -1.497464   0.298884  -1.198579 
    29820.0000  -1.499843   0.301491  -1.198352 
    29850.0000  -1.498181   0.300805  -1.197376 
    29880.0000  -1.496254   0.300299  -1.195954 
    29910.0000  -1.496200   0.298933  -1.197267 
    29940.0000  -1.498838   0.300430  -1.198408 
    29970.0000  -1.497680   0.301544  -1.196136 
    30000.0000  -1.497692   0.298649  -1.199044 
