        0.0000  -1.497601   0.299195  -1.198406 
       30.0000  -1.499877   0.300986  -1.198892 
       60.0000  -1.498540   0.298253  -1.200286 
       90.0000  -1.499003   0.299740  -1.199263 
      120.0000  -1.497227   0.299724  -1.197503 
      150.0000  -1.498381   0.298936  -1.199445 
      180.0000  -1.500473   0.300477  -1.199995 
      210.0000  -1.500451   0.302008  -1.198444 
      240.0000  -1.500024   0.299772  -1.200253 
      270.0000  -1.497830   0.299399  -1.198431 
      300.0000  -1.497967   0.299947  -1.198020 
      330.0000  -1.499807   0.301746  -1.198061 
      360.0000  -1.497480   0.301053  -1.196427 
      390.0000  -1.496923   0.302498  -1.194425 
      420.0000  -1.498858   0.303177  -1.195682 
      450.0000  -1.497551   0.299934  -1.197617 
      480.0000  -1.498684   0.301156  -1.197528 
      510.0000  -1.495137   0.301423  -1.193714 
      540.0000  -1.494896   0.302561  -1.192335 
      570.0000  -1.496678   0.301526  -1.195152 
      600.0000  -1.497845   0.298770  -1.199075 
      630.0000  -1.500351   0.299715  -1.200636 
      660.0000  -1.497698   0.299143  -1.198555 
      690.0000  -1.500322   0.298787  -1.201536 
      720.0000  -1.499201   0.301826  -1.197376 
      750.0000  -1.496662   0.300533  -1.196129 
      780.0000  -1.498954   0.299894  -1.199060 
      810.0000  -1.501186   0.300199  -1.200986 
      840.0000  -1.499550   0.301365  -1.198185 
      870.0000  -1.499760   0.300859  -1.198901 
      900.0000  -1.498290   0.301728  -1.196562 
      930.0000  -1.496850   0.299696  -1.197154 
      960.0000  -1.498449   0.299969  -1.198480 
      990.0000  -1.498439   0.299231  -1.199208 
     1020.0000  -1.497656   0.297804  -1.199852 
     1050.0000  -1.498171   0.299659  -1.198512 
     1080.0000  -1.499158   0.299424  -1.199734 
     1110.0000  -1.499601   0.300011  -1.199590 
     1140.0000  -1.498544   0.299987  -1.198558 
     1170.0000  -1.499130   0.299871  -1.199259 
     1200.0000  -1.498471   0.300441  -1.198030 
     1230.0000  -1.498174   0.301727  -1.196447 
     1260.0000  -1.501313   0.301057  -1.200256 
     1290.0000  -1.500861   0.299522  -1.201340 
     1320.0000  -1.498786   0.299035  -1.199751 
     1350.0000  -1.496148   0.300370  -1.195778 
     1380.0000  -1.497375   0.301374  -1.196001 
     1410.0000  -1.498078   0.302025  -1.196053 
     1440.0000  -1.496821   0.301556  -1.195265 
     1470.0000  -1.497557   0.301689  -1.195868 
     1500.0000  -1.497682   0.301393  -1.196289 
     1530.0000  -1.498575   0.303181  -1.195395 
     1560.0000  -1.498758   0.301299  -1.197459 
     1590.0000  -1.497031   0.297221  -1.199810 
     1620.0000  -1.499645   0.300359  -1.199286 
     1650.0000  -1.497322   0.301300  -1.196021 
     1680.0000  -1.498489   0.301448  -1.197041 
     1710.0000  -1.499120   0.302447  -1.196673 
     1740.0000  -1.499217   0.299667  -1.199550 
     1770.0000  -1.499029   0.301013  -1.198016 
     1800.0000  -1.500267   0.300754  -1.199512 
     1830.0000  -1.497605   0.299578  -1.198027 
     1860.0000  -1.501746   0.300784  -1.200962 
     1890.0000  -1.498326   0.298808  -1.199517 
     1920.0000  -1.497842   0.300399  -1.197443 
     1950.0000  -1.497641   0.300283  -1.197359 
     1980.0000  -1.499526   0.302001  -1.197525 
     2010.0000  -1.498594   0.301747  -1.196846 
     2040.0000  -1.498388   0.301704  -1.196684 
     2070.0000  -1.497740   0.301673  -1.196066 
     2100.0000  -1.497042   0.300570  -1.196472 
     2130.0000  -1.498094   0.299767  -1.198327 
     2160.0000  -1.497652   0.300918  -1.196733 
     2190.0000  -1.501408   0.301581  -1.199827 
     2220.0000  -1.500656   0.300874  -1.199782 
     2250.0000  -1.497260   0.297692  -1.199567 
     2280.0000  -1.498343   0.300145  -1.198198 
     2310.0000  -1.498184   0.300753  -1.197431 
     2340.0000  -1.499071   0.303114  -1.195957 
     2370.0000  -1.498205   0.300184  -1.198021 
     2400.0000  -1.499006   0.300690  -1.198317 
     2430.0000  -1.497938   0.299803  -1.198134 
     2460.0000  -1.499043   0.302419  -1.196625 
     2490.0000  -1.497599   0.301367  -1.196232 
     2520.0000  -1.498781   0.303613  -1.195168 
     2550.0000  -1.498028   0.301826  -1.196201 
     2580.0000  -1.495839   0.299404  -1.196435 
     2610.0000  -1.500800   0.302556  -1.198243 
     2640.0000  -1.497636   0.299030  -1.198606 
     2670.0000  -1.501284   0.303103  -1.198181 
     2700.0000  -1.498759   0.300019  -1.198739 
     2730.0000  -1.498660   0.300710  -1.197950 
     2760.0000  -1.497413   0.298817  -1.198597 
     2790.0000  -1.498662   0.298654  -1.200008 
     2820.0000  -1.501108   0.301073  -1.200035 
     2850.0000  -1.498306   0.298670  -1.199636 
     2880.0000  -1.500601   0.300093  -1.200509 
     2910.0000  -1.500107   0.297342  -1.202765 
     2940.0000  -1.500410   0.298964  -1.201446 
     2970.0000  -1.500993   0.300448  -1.200545 
     3000.0000  -1.499690   0.302051  -1.197639 
     3030.0000  -1.498108   0.301367  -1.196741 
     3060.0000  -1.502050   0.300189  -1.201861 
     3090.0000  -1.498657   0.298377  -1.200280 
     3120.0000  -1.499346   0.301225  -1.198121 
     3150.0000  -1.497894   0.299851  -1.198043 
     3180.0000  -1.497804   0.299518  -1.198286 
     3210.0000  -1.497908   0.298828  -1.199080 
     3240.0000  -1.496965   0.299267  -1.197698 
     3270.0000  -1.499128   0.299888  -1.199240 
     3300.0000  -1.497962   0.298969  -1.198992 
     3330.0000  -1.499569   0.300516  -1.199052 
     3360.0000  -1.498621   0.299661  -1.198960 
     3390.0000  -1.499336   0.300013  -1.199323 
     3420.0000  -1.498284   0.300190  -1.198094 
     3450.0000  -1.497564   0.300490  -1.197073 
     3480.0000  -1.500057   0.303104  -1.196953 
     3510.0000  -1.498165   0.299743  -1.198422 
     3540.0000  -1.499457   0.303116  -1.196342 
     3570.0000  -1.498852   0.300289  -1.198563 
     3600.0000  -1.498475   0.300513  -1.197962 
     3630.0000  -1.496027   0.298879  -1.197148 
     3660.0000  -1.497175   0.300419  -1.196755 
     3690.0000  -1.497822   0.300319  -1.197503 
     3720.0000  -1.497867   0.299386  -1.198481 
     3750.0000  -1.498721   0.302419  -1.196302 
     3780.0000  -1.496953   0.301930  -1.195023 
     3810.0000  -1.495705   0.302078  -1.193628 
     3840.0000  -1.495092   0.301589  -1.193504 
     3870.0000  -1.499254   0.301997  -1.197257 
     3900.0000  -1.497317   0.301278  -1.196039 
     3930.0000  -1.496465   0.300448  -1.196017 
     3960.0000  -1.496305   0.300335  -1.195970 
     3990.0000  -1.497164   0.299198  -1.197966 
     4020.0000  -1.498070   0.300302  -1.197768 
     4050.0000  -1.495421   0.302066  -1.193355 
     4080.0000  -1.495594   0.300668  -1.194926 
     4110.0000  -1.497371   0.302400  -1.194971 
     4140.0000  -1.496966   0.302643  -1.194323 
     4170.0000  -1.495916   0.300690  -1.195226 
     4200.0000  -1.496886   0.302330  -1.194556 
     4230.0000  -1.496425   0.300549  -1.195876 
     4260.0000  -1.495685   0.301820  -1.193866 
     4290.0000  -1.496938   0.302058  -1.194880 
     4320.0000  -1.499831   0.301538  -1.198293 
     4350.0000  -1.497209   0.298813  -1.198396 
     4380.0000  -1.500404   0.301497  -1.198906 
     4410.0000  -1.498065   0.301249  -1.196816 
     4440.0000  -1.497984   0.298280  -1.199704 
     4470.0000  -1.499264   0.301274  -1.197991 
     4500.0000  -1.497246   0.300683  -1.196563 
     4530.0000  -1.498821   0.302247  -1.196574 
     4560.0000  -1.499281   0.301184  -1.198097 
     4590.0000  -1.501672   0.301670  -1.200002 
     4620.0000  -1.499139   0.299031  -1.200108 
     4650.0000  -1.499519   0.298815  -1.200704 
     4680.0000  -1.499864   0.299172  -1.200692 
     4710.0000  -1.501019   0.298486  -1.202532 
     4740.0000  -1.498095   0.300889  -1.197206 
     4770.0000  -1.496291   0.300476  -1.195815 
     4800.0000  -1.496407   0.300435  -1.195972 
     4830.0000  -1.499144   0.301106  -1.198038 
     4860.0000  -1.498780   0.301951  -1.196830 
     4890.0000  -1.497819   0.301207  -1.196612 
     4920.0000  -1.499414   0.302473  -1.196941 
     4950.0000  -1.497152   0.300794  -1.196357 
     4980.0000  -1.494738   0.298736  -1.196003 
     5010.0000  -1.496454   0.300530  -1.195924 
     5040.0000  -1.497974   0.300724  -1.197249 
     5070.0000  -1.497168   0.301110  -1.196058 
     5100.0000  -1.496395   0.300318  -1.196077 
     5130.0000  -1.496657   0.298046  -1.198611 
     5160.0000  -1.500957   0.301458  -1.199498 
     5190.0000  -1.499663   0.300158  -1.199505 
     5220.0000  -1.496952   0.299034  -1.197918 
     5250.0000  -1.499569   0.298990  -1.200579 
     5280.0000  -1.500388   0.300654  -1.199733 
     5310.0000  -1.499752   0.301419  -1.198333 
     5340.0000  -1.498371   0.300314  -1.198057 
     5370.0000  -1.500479   0.302290  -1.198189 
     5400.0000  -1.498651   0.299465  -1.199187 
     5430.0000  -1.498207   0.301173  -1.197035 
     5460.0000  -1.498527   0.299733  -1.198794 
     5490.0000  -1.499363   0.301811  -1.197552 
     5520.0000  -1.498092   0.301200  -1.196892 
     5550.0000  -1.497978   0.301928  -1.196050 
     5580.0000  -1.497219   0.299429  -1.197790 
     5610.0000  -1.500705   0.301596  -1.199109 
     5640.0000  -1.496846   0.298417  -1.198430 
     5670.0000  -1.496915   0.297432  -1.199483 
     5700.0000  -1.495855   0.297389  -1.198466 
     5730.0000  -1.499200   0.300235  -1.198966 
     5760.0000  -1.498650   0.298959  -1.199691 
     5790.0000  -1.499917   0.297343  -1.202574 
     5820.0000  -1.500457   0.300420  -1.200038 
     5850.0000  -1.499296   0.301162  -1.198134 
     5880.0000  -1.498110   0.301614  -1.196497 
     5910.0000  -1.497809   0.299005  -1.198804 
     5940.0000  -1.498294   0.298521  -1.199773 
     5970.0000  -1.497391   0.299852  -1.197538 
     6000.0000  -1.498733   0.300393  -1.198340 
     6030.0000  -1.498696   0.300587  -1.198109 
     6060.0000  -1.496921   0.302669  -1.194252 
     6090.0000  -1.495303   0.300215  -1.195089 
     6120.0000  -1.497342   0.299931  -1.197411 
     6150.0000  -1.499128   0.299526  -1.199601 
     6180.0000  -1.499459   0.298143  -1.201316 
     6210.0000  -1.500563   0.299033  -1.201530 
     6240.0000  -1.501277   0.299500  -1.201777 
     6270.0000  -1.500240   0.298276  -1.201964 
     6300.0000  -1.501072   0.299720  -1.201353 
     6330.0000  -1.498282   0.298707  -1.199575 
     6360.0000  -1.499405   0.299909  -1.199496 
     6390.0000  -1.498642   0.299550  -1.199092 
     6420.0000  -1.497801   0.300361  -1.197440 
     6450.0000  -1.497463   0.299558  -1.197905 
     6480.0000  -1.499528   0.300129  -1.199398 
     6510.0000  -1.500456   0.300472  -1.199984 
     6540.0000  -1.498536   0.299328  -1.199209 
     6570.0000  -1.498481   0.300068  -1.198414 
     6600.0000  -1.500386   0.301946  -1.198440 
     6630.0000  -1.497661   0.301111  -1.196550 
     6660.0000  -1.494358   0.301326  -1.193032 
     6690.0000  -1.496533   0.301969  -1.194564 
     6720.0000  -1.496855   0.302272  -1.194583 
     6750.0000  -1.496350   0.301590  -1.194760 
     6780.0000  -1.496564   0.301545  -1.195020 
     6810.0000  -1.495451   0.302420  -1.193032 
     6840.0000  -1.498005   0.303324  -1.194681 
     6870.0000  -1.497113   0.303081  -1.194031 
     6900.0000  -1.497205   0.301851  -1.195354 
     6930.0000  -1.494499   0.299165  -1.195333 
     6960.0000  -1.495064   0.302536  -1.192528 
     6990.0000  -1.497310   0.300000  -1.197310 
     7020.0000  -1.497816   0.299549  -1.198267 
     7050.0000  -1.498374   0.299319  -1.199055 
     7080.0000  -1.497247   0.300385  -1.196862 
     7110.0000  -1.497502   0.301293  -1.196210 
     7140.0000  -1.496456   0.300064  -1.196392 
     7170.0000  -1.496922   0.302491  -1.194430 
     7200.0000  -1.496442   0.301954  -1.194488 
     7230.0000  -1.496121   0.301335  -1.194786 
     7260.0000  -1.499021   0.299660  -1.199361 
     7290.0000  -1.498570   0.297733  -1.200837 
     7320.0000  -1.497681   0.299181  -1.198501 
     7350.0000  -1.496057   0.300346  -1.195711 
     7380.0000  -1.496063   0.299801  -1.196261 
     7410.0000  -1.495142   0.298950  -1.196192 
     7440.0000  -1.496370   0.301104  -1.195266 
     7470.0000  -1.497229   0.300012  -1.197217 
     7500.0000  -1.497050   0.300051  -1.196999 
     7530.0000  -1.497985   0.298711  -1.199274 
     7560.0000  -1.500111   0.299137  -1.200975 
     7590.0000  -1.499260   0.301993  -1.197267 
     7620.0000  -1.498003   0.301451  -1.196553 
     7650.0000  -1.497908   0.300925  -1.196983 
     7680.0000  -1.498847   0.300649  -1.198197 
     7710.0000  -1.496889   0.298249  -1.198640 
     7740.0000  -1.497525   0.299987  -1.197538 
     7770.0000  -1.496238   0.301796  -1.194442 
     7800.0000  -1.494579   0.301873  -1.192706 
     7830.0000  -1.496958   0.303164  -1.193794 
     7860.0000  -1.496579   0.301580  -1.194999 
     7890.0000  -1.497421   0.301155  -1.196266 
     7920.0000  -1.500096   0.301923  -1.198173 
     7950.0000  -1.498254   0.298341  -1.199914 
     7980.0000  -1.498627   0.302181  -1.196445 
     8010.0000  -1.497925   0.300302  -1.197623 
     8040.0000  -1.499711   0.301548  -1.198163 
     8070.0000  -1.497357   0.298934  -1.198423 
     8100.0000  -1.498447   0.299460  -1.198987 
     8130.0000  -1.498396   0.299032  -1.199363 
     8160.0000  -1.496552   0.299104  -1.197448 
     8190.0000  -1.496841   0.300847  -1.195994 
     8220.0000  -1.498023   0.299423  -1.198600 
     8250.0000  -1.497657   0.297999  -1.199658 
     8280.0000  -1.500177   0.302726  -1.197451 
     8310.0000  -1.496843   0.298255  -1.198588 
     8340.0000  -1.500152   0.300913  -1.199239 
     8370.0000  -1.498489   0.300946  -1.197543 
     8400.0000  -1.500978   0.301403  -1.199575 
     8430.0000  -1.500308   0.301143  -1.199165 
     8460.0000  -1.500126   0.301113  -1.199013 
     8490.0000  -1.498057   0.302300  -1.195757 
     8520.0000  -1.497799   0.300040  -1.197759 
     8550.0000  -1.499355   0.300661  -1.198694 
     8580.0000  -1.498508   0.303771  -1.194737 
     8610.0000  -1.497362   0.301521  -1.195841 
     8640.0000  -1.497371   0.299142  -1.198230 
     8670.0000  -1.500583   0.298398  -1.202186 
     8700.0000  -1.500738   0.299722  -1.201015 
     8730.0000  -1.498631   0.299667  -1.198964 
     8760.0000  -1.498889   0.300290  -1.198599 
     8790.0000  -1.499924   0.301510  -1.198414 
     8820.0000  -1.498817   0.302177  -1.196640 
     8850.0000  -1.497136   0.301573  -1.195563 
     8880.0000  -1.498162   0.300208  -1.197953 
     8910.0000  -1.499381   0.299824  -1.199556 
     8940.0000  -1.499714   0.299948  -1.199766 
     8970.0000  -1.499128   0.300557  -1.198571 
     9000.0000  -1.498751   0.300236  -1.198515 
     9030.0000  -1.498133   0.299530  -1.198603 
     9060.0000  -1.499711   0.300473  -1.199238 
     9090.0000  -1.497601   0.300567  -1.197035 
     9120.0000  -1.498626   0.300661  -1.197965 
     9150.0000  -1.500056   0.301504  -1.198552 
     9180.0000  -1.498272   0.301605  -1.196666 
     9210.0000  -1.496742   0.301491  -1.195251 
     9240.0000  -1.497278   0.301602  -1.195677 
     9270.0000  -1.497715   0.300200  -1.197515 
     9300.0000  -1.497489   0.300475  -1.197014 
     9330.0000  -1.499223   0.304227  -1.194996 
     9360.0000  -1.497357   0.301578  -1.195779 
     9390.0000  -1.497516   0.300598  -1.196918 
     9420.0000  -1.497472   0.301192  -1.196280 
     9450.0000  -1.498899   0.302232  -1.196668 
     9480.0000  -1.497130   0.301043  -1.196087 
     9510.0000  -1.498215   0.301909  -1.196306 
     9540.0000  -1.498418   0.300052  -1.198366 
     9570.0000  -1.499072   0.303188  -1.195884 
     9600.0000  -1.496602   0.301018  -1.195584 
     9630.0000  -1.496556   0.299222  -1.197334 
     9660.0000  -1.498577   0.299337  -1.199240 
     9690.0000  -1.497002   0.299389  -1.197613 
     9720.0000  -1.497130   0.299167  -1.197963 
     9750.0000  -1.497471   0.302106  -1.195366 
     9780.0000  -1.495876   0.300587  -1.195289 
     9810.0000  -1.495606   0.302531  -1.193074 
     9840.0000  -1.497605   0.302265  -1.195340 
     9870.0000  -1.496460   0.300057  -1.196404 
     9900.0000  -1.498831   0.301762  -1.197070 
     9930.0000  -1.496406   0.300030  -1.196377 
     9960.0000  -1.497374   0.301468  -1.195906 
     9990.0000  -1.496520   0.298150  -1.198370 
    10020.0000  -1.498621   0.300739  -1.197882 
    10050.0000  -1.499994   0.301152  -1.198843 
    10080.0000  -1.500951   0.302182  -1.198769 
    10110.0000  -1.497052   0.300965  -1.196087 
    10140.0000  -1.496284   0.299290  -1.196994 
    10170.0000  -1.497714   0.303174  -1.194539 
    10200.0000  -1.496779   0.303148  -1.193631 
    10230.0000  -1.496003   0.302387  -1.193617 
    10260.0000  -1.494094   0.301205  -1.192889 
    10290.0000  -1.495775   0.301911  -1.193864 
    10320.0000  -1.497181   0.300763  -1.196417 
    10350.0000  -1.496690   0.300538  -1.196152 
    10380.0000  -1.498491   0.301223  -1.197268 
    10410.0000  -1.497547   0.300661  -1.196886 
    10440.0000  -1.498961   0.299002  -1.199959 
    10470.0000  -1.499782   0.299934  -1.199848 
    10500.0000  -1.500255   0.300765  -1.199491 
    10530.0000  -1.499210   0.299623  -1.199587 
    10560.0000  -1.498644   0.299875  -1.198769 
    10590.0000  -1.500661   0.299658  -1.201003 
    10620.0000  -1.500493   0.299552  -1.200941 
    10650.0000  -1.499328   0.299938  -1.199390 
    10680.0000  -1.500483   0.300154  -1.200329 
    10710.0000  -1.499901   0.301029  -1.198872 
    10740.0000  -1.500547   0.300643  -1.199905 
    10770.0000  -1.499184   0.300222  -1.198962 
    10800.0000  -1.499733   0.301459  -1.198274 
    10830.0000  -1.497689   0.301542  -1.196146 
    10860.0000  -1.497208   0.301122  -1.196086 
    10890.0000  -1.497202   0.298770  -1.198433 
    10920.0000  -1.498163   0.300227  -1.197936 
    10950.0000  -1.498731   0.299530  -1.199201 
    10980.0000  -1.499412   0.301297  -1.198115 
    11010.0000  -1.499085   0.299292  -1.199793 
    11040.0000  -1.501955   0.298965  -1.202991 
    11070.0000  -1.500376   0.298375  -1.202001 
    11100.0000  -1.499135   0.301139  -1.197996 
    11130.0000  -1.497043   0.299975  -1.197067 
    11160.0000  -1.499745   0.301644  -1.198101 
    11190.0000  -1.498438   0.302549  -1.195890 
    11220.0000  -1.495571   0.299265  -1.196307 
    11250.0000  -1.496666   0.302484  -1.194182 
    11280.0000  -1.493131   0.300314  -1.192817 
    11310.0000  -1.495700   0.303688  -1.192011 
    11340.0000  -1.495491   0.302482  -1.193009 
    11370.0000  -1.496320   0.302344  -1.193976 
    11400.0000  -1.496032   0.300826  -1.195206 
    11430.0000  -1.497802   0.300949  -1.196853 
    11460.0000  -1.498772   0.301157  -1.197615 
    11490.0000  -1.498014   0.299870  -1.198144 
    11520.0000  -1.496946   0.300492  -1.196454 
    11550.0000  -1.497919   0.302376  -1.195543 
    11580.0000  -1.497241   0.299410  -1.197831 
    11610.0000  -1.498353   0.301163  -1.197189 
    11640.0000  -1.499098   0.299899  -1.199199 
    11670.0000  -1.499054   0.298421  -1.200633 
    11700.0000  -1.499946   0.300696  -1.199250 
    11730.0000  -1.497923   0.298424  -1.199499 
    11760.0000  -1.500167   0.300058  -1.200108 
    11790.0000  -1.500777   0.299092  -1.201685 
    11820.0000  -1.502020   0.299680  -1.202340 
    11850.0000  -1.501030   0.299730  -1.201301 
    11880.0000  -1.498579   0.297780  -1.200798 
    11910.0000  -1.499198   0.297363  -1.201835 
    11940.0000  -1.500843   0.299587  -1.201255 
    11970.0000  -1.497108   0.296715  -1.200393 
    12000.0000  -1.499570   0.299280  -1.200290 
    12030.0000  -1.500925   0.299795  -1.201130 
    12060.0000  -1.502155   0.298484  -1.203670 
    12090.0000  -1.501048   0.297602  -1.203445 
    12120.0000  -1.500010   0.297258  -1.202752 
    12150.0000  -1.499488   0.299070  -1.200418 
    12180.0000  -1.500650   0.299733  -1.200917 
    12210.0000  -1.498149   0.299604  -1.198545 
    12240.0000  -1.497766   0.298684  -1.199083 
    12270.0000  -1.498759   0.300600  -1.198159 
    12300.0000  -1.498496   0.301242  -1.197253 
    12330.0000  -1.499772   0.302260  -1.197513 
    12360.0000  -1.499063   0.303159  -1.195904 
    12390.0000  -1.497932   0.299183  -1.198750 
    12420.0000  -1.500002   0.299104  -1.200899 
    12450.0000  -1.499501   0.300187  -1.199314 
    12480.0000  -1.498698   0.298910  -1.199789 
    12510.0000  -1.499365   0.297946  -1.201419 
    12540.0000  -1.499140   0.298650  -1.200489 
    12570.0000  -1.501322   0.296486  -1.204835 
    12600.0000  -1.501542   0.299210  -1.202333 
    12630.0000  -1.498959   0.298925  -1.200034 
    12660.0000  -1.498076   0.298571  -1.199505 
    12690.0000  -1.499198   0.299141  -1.200057 
    12720.0000  -1.497727   0.298882  -1.198845 
    12750.0000  -1.498326   0.298544  -1.199783 
    12780.0000  -1.497145   0.300441  -1.196703 
    12810.0000  -1.500666   0.300631  -1.200035 
    12840.0000  -1.499772   0.300097  -1.199675 
    12870.0000  -1.496671   0.296827  -1.199844 
    12900.0000  -1.499353   0.300935  -1.198418 
    12930.0000  -1.498897   0.301306  -1.197591 
    12960.0000  -1.497193   0.299879  -1.197314 
    12990.0000  -1.496674   0.300898  -1.195776 
    13020.0000  -1.495961   0.301622  -1.194339 
    13050.0000  -1.497402   0.302300  -1.195102 
    13080.0000  -1.495215   0.303724  -1.191492 
    13110.0000  -1.495677   0.301503  -1.194173 
    13140.0000  -1.499341   0.302123  -1.197218 
    13170.0000  -1.497614   0.301141  -1.196473 
    13200.0000  -1.497067   0.299336  -1.197730 
    13230.0000  -1.497943   0.298553  -1.199390 
    13260.0000  -1.498951   0.299716  -1.199235 
    13290.0000  -1.498312   0.298090  -1.200222 
    13320.0000  -1.500622   0.299387  -1.201235 
    13350.0000  -1.500372   0.301256  -1.199116 
    13380.0000  -1.498767   0.299541  -1.199225 
    13410.0000  -1.499986   0.301771  -1.198214 
    13440.0000  -1.498137   0.300816  -1.197321 
    13470.0000  -1.497828   0.300541  -1.197287 
    13500.0000  -1.498169   0.298920  -1.199248 
    13530.0000  -1.499564   0.296908  -1.202655 
    13560.0000  -1.500086   0.300178  -1.199909 
    13590.0000  -1.500970   0.301360  -1.199610 
    13620.0000  -1.502446   0.301686  -1.200760 
    13650.0000  -1.500662   0.299463  -1.201199 
    13680.0000  -1.502066   0.299768  -1.202298 
    13710.0000  -1.499600   0.299098  -1.200503 
    13740.0000  -1.501970   0.298491  -1.203478 
    13770.0000  -1.499023   0.298192  -1.200831 
    13800.0000  -1.498350   0.298608  -1.199741 
    13830.0000  -1.500530   0.299630  -1.200900 
    13860.0000  -1.501118   0.298207  -1.202911 
    13890.0000  -1.501072   0.300656  -1.200416 
    13920.0000  -1.500385   0.302603  -1.197782 
    13950.0000  -1.498176   0.301742  -1.196434 
    13980.0000  -1.499899   0.300903  -1.198995 
    14010.0000  -1.498356   0.296893  -1.201463 
    14040.0000  -1.499144   0.300078  -1.199066 
    14070.0000  -1.497720   0.300874  -1.196846 
    14100.0000  -1.497055   0.300431  -1.196623 
    14130.0000  -1.497515   0.299258  -1.198257 
    14160.0000  -1.498599   0.300499  -1.198101 
    14190.0000  -1.497389   0.298086  -1.199303 
    14220.0000  -1.498551   0.300797  -1.197754 
    14250.0000  -1.497796   0.302071  -1.195725 
    14280.0000  -1.499144   0.301897  -1.197246 
    14310.0000  -1.496152   0.302809  -1.193343 
    14340.0000  -1.495739   0.303575  -1.192164 
    14370.0000  -1.495689   0.300930  -1.194759 
    14400.0000  -1.497992   0.302902  -1.195090 
    14430.0000  -1.498863   0.303515  -1.195348 
    14460.0000  -1.496406   0.299619  -1.196787 
    14490.0000  -1.499714   0.301494  -1.198220 
    14520.0000  -1.500930   0.300304  -1.200626 
    14550.0000  -1.500490   0.300410  -1.200079 
    14580.0000  -1.499773   0.299147  -1.200626 
    14610.0000  -1.499151   0.300232  -1.198919 
    14640.0000  -1.496953   0.298422  -1.198531 
    14670.0000  -1.496210   0.299660  -1.196550 
    14700.0000  -1.497463   0.300431  -1.197032 
    14730.0000  -1.498488   0.302910  -1.195578 
    14760.0000  -1.496106   0.300426  -1.195679 
    14790.0000  -1.497166   0.300883  -1.196283 
    14820.0000  -1.496146   0.302580  -1.193566 
    14850.0000  -1.498919   0.302822  -1.196097 
    14880.0000  -1.496315   0.299163  -1.197152 
    14910.0000  -1.497655   0.299683  -1.197972 
    14940.0000  -1.496169   0.298315  -1.197855 
    14970.0000  -1.497113   0.301226  -1.195887 
    15000.0000  -1.496047   0.301870  -1.194177 
    15030.0000  -1.494248   0.301582  -1.192666 
    15060.0000  -1.497070   0.302104  -1.194966 
    15090.0000  -1.497045   0.300787  -1.196258 
    15120.0000  -1.498203   0.300498  -1.197705 
    15150.0000  -1.497375   0.300093  -1.197282 
    15180.0000  -1.498529   0.299084  -1.199444 
    15210.0000  -1.497710   0.296668  -1.201042 
    15240.0000  -1.498331   0.298242  -1.200089 
    15270.0000  -1.498609   0.298991  -1.199618 
    15300.0000  -1.500303   0.298045  -1.202258 
    15330.0000  -1.498913   0.297992  -1.200921 
    15360.0000  -1.499550   0.299699  -1.199851 
    15390.0000  -1.499821   0.300307  -1.199514 
    15420.0000  -1.497704   0.300470  -1.197234 
    15450.0000  -1.497543   0.299546  -1.197997 
    15480.0000  -1.498571   0.299449  -1.199122 
    15510.0000  -1.497276   0.300860  -1.196416 
    15540.0000  -1.497915   0.300465  -1.197449 
    15570.0000  -1.496151   0.300328  -1.195823 
    15600.0000  -1.497292   0.299888  -1.197404 
    15630.0000  -1.498237   0.300915  -1.197322 
    15660.0000  -1.497062   0.298806  -1.198256 
    15690.0000  -1.497371   0.298139  -1.199232 
    15720.0000  -1.496912   0.297934  -1.198978 
    15750.0000  -1.497338   0.298350  -1.198988 
    15780.0000  -1.499408   0.300041  -1.199367 
    15810.0000  -1.500083   0.302816  -1.197268 
    15840.0000  -1.497171   0.299726  -1.197445 
    15870.0000  -1.500078   0.300953  -1.199125 
    15900.0000  -1.499994   0.302411  -1.197583 
    15930.0000  -1.496800   0.300086  -1.196715 
    15960.0000  -1.498864   0.301215  -1.197649 
    15990.0000  -1.496819   0.299209  -1.197610 
    16020.0000  -1.498648   0.301551  -1.197096 
    16050.0000  -1.498643   0.299086  -1.199557 
    16080.0000  -1.496404   0.298364  -1.198041 
    16110.0000  -1.498907   0.300621  -1.198285 
    16140.0000  -1.498938   0.299026  -1.199912 
    16170.0000  -1.498840   0.301154  -1.197686 
    16200.0000  -1.499043   0.302579  -1.196465 
    16230.0000  -1.495693   0.300981  -1.194712 
    16260.0000  -1.498951   0.303148  -1.195803 
    16290.0000  -1.497447   0.300112  -1.197334 
    16320.0000  -1.496719   0.299865  -1.196853 
    16350.0000  -1.499766   0.303222  -1.196544 
    16380.0000  -1.497003   0.298966  -1.198036 
    16410.0000  -1.498734   0.300140  -1.198594 
    16440.0000  -1.500788   0.298421  -1.202367 
    16470.0000  -1.498585   0.299628  -1.198957 
    16500.0000  -1.500269   0.303069  -1.197200 
    16530.0000  -1.495475   0.297194  -1.198281 
    16560.0000  -1.499655   0.300957  -1.198698 
    16590.0000  -1.500313   0.300073  -1.200239 
    16620.0000  -1.497653   0.299877  -1.197777 
    16650.0000  -1.499827   0.300124  -1.199704 
    16680.0000  -1.496725   0.298031  -1.198694 
    16710.0000  -1.496541   0.301744  -1.194797 
    16740.0000  -1.495721   0.300304  -1.195417 
    16770.0000  -1.497752   0.300570  -1.197182 
    16800.0000  -1.497312   0.299579  -1.197733 
    16830.0000  -1.501555   0.301706  -1.199848 
    16860.0000  -1.501307   0.301807  -1.199500 
    16890.0000  -1.500717   0.300568  -1.200150 
    16920.0000  -1.501194   0.300498  -1.200696 
    16950.0000  -1.500077   0.299789  -1.200288 
    16980.0000  -1.500190   0.299938  -1.200252 
    17010.0000  -1.499592   0.298758  -1.200834 
    17040.0000  -1.497557   0.299530  -1.198027 
    17070.0000  -1.499240   0.299201  -1.200039 
    17100.0000  -1.499794   0.299839  -1.199955 
    17130.0000  -1.498673   0.299653  -1.199020 
    17160.0000  -1.500074   0.301121  -1.198953 
    17190.0000  -1.498622   0.299782  -1.198841 
    17220.0000  -1.498247   0.298922  -1.199325 
    17250.0000  -1.500336   0.297844  -1.202492 
    17280.0000  -1.501310   0.299626  -1.201684 
    17310.0000  -1.503182   0.300955  -1.202227 
    17340.0000  -1.497070   0.298331  -1.198739 
    17370.0000  -1.499102   0.300231  -1.198872 
    17400.0000  -1.498067   0.298273  -1.199794 
    17430.0000  -1.498997   0.298471  -1.200526 
    17460.0000  -1.500290   0.298947  -1.201343 
    17490.0000  -1.497605   0.297980  -1.199625 
    17520.0000  -1.500031   0.300311  -1.199721 
    17550.0000  -1.501369   0.299086  -1.202283 
    17580.0000  -1.499635   0.298485  -1.201150 
    17610.0000  -1.497993   0.299034  -1.198958 
    17640.0000  -1.496832   0.299167  -1.197665 
    17670.0000  -1.498962   0.298507  -1.200455 
    17700.0000  -1.498530   0.299250  -1.199280 
    17730.0000  -1.499131   0.300312  -1.198819 
    17760.0000  -1.497687   0.299377  -1.198310 
    17790.0000  -1.496538   0.299798  -1.196740 
    17820.0000  -1.499220   0.299545  -1.199675 
    17850.0000  -1.499193   0.299530  -1.199663 
    17880.0000  -1.496932   0.298206  -1.198726 
    17910.0000  -1.499525   0.298939  -1.200586 
    17940.0000  -1.499774   0.300762  -1.199012 
    17970.0000  -1.494763   0.300933  -1.193830 
    18000.0000  -1.496080   0.299697  -1.196384 
    18030.0000  -1.497152   0.300531  -1.196621 
    18060.0000  -1.498138   0.301785  -1.196353 
    18090.0000  -1.496686   0.300888  -1.195798 
    18120.0000  -1.496819   0.302615  -1.194204 
    18150.0000  -1.497214   0.300150  -1.197063 
    18180.0000  -1.499315   0.301014  -1.198301 
    18210.0000  -1.497158   0.301648  -1.195510 
    18240.0000  -1.497144   0.303266  -1.193878 
    18270.0000  -1.495900   0.302394  -1.193505 
    18300.0000  -1.498265   0.301708  -1.196558 
    18330.0000  -1.496130   0.301166  -1.194964 
    18360.0000  -1.498559   0.303017  -1.195542 
    18390.0000  -1.496226   0.300400  -1.195826 
    18420.0000  -1.496888   0.300831  -1.196057 
    18450.0000  -1.498308   0.299656  -1.198652 
    18480.0000  -1.497606   0.302424  -1.195182 
    18510.0000  -1.496580   0.302628  -1.193952 
    18540.0000  -1.497086   0.301732  -1.195354 
    18570.0000  -1.499317   0.303562  -1.195755 
    18600.0000  -1.496888   0.302025  -1.194863 
    18630.0000  -1.496814   0.299485  -1.197329 
    18660.0000  -1.497040   0.301658  -1.195382 
    18690.0000  -1.498506   0.302706  -1.195800 
    18720.0000  -1.497284   0.300535  -1.196749 
    18750.0000  -1.496077   0.300920  -1.195157 
    18780.0000  -1.500005   0.303041  -1.196965 
    18810.0000  -1.498800   0.300868  -1.197932 
    18840.0000  -1.499573   0.299765  -1.199809 
    18870.0000  -1.499657   0.300956  -1.198701 
    18900.0000  -1.497339   0.299844  -1.197495 
    18930.0000  -1.497289   0.300443  -1.196846 
    18960.0000  -1.497686   0.299932  -1.197755 
    18990.0000  -1.498463   0.297525  -1.200938 
    19020.0000  -1.497342   0.298349  -1.198993 
    19050.0000  -1.498882   0.298962  -1.199920 
    19080.0000  -1.500000   0.300144  -1.199857 
    19110.0000  -1.499164   0.299240  -1.199923 
    19140.0000  -1.499398   0.299809  -1.199588 
    19170.0000  -1.500718   0.298761  -1.201957 
    19200.0000  -1.499956   0.298155  -1.201801 
    19230.0000  -1.497265   0.296819  -1.200446 
    19260.0000  -1.498008   0.299636  -1.198372 
    19290.0000  -1.498958   0.298703  -1.200255 
    19320.0000  -1.501187   0.299505  -1.201682 
    19350.0000  -1.501388   0.300692  -1.200696 
    19380.0000  -1.498484   0.299914  -1.198570 
    19410.0000  -1.500790   0.301916  -1.198874 
    19440.0000  -1.498174   0.299263  -1.198911 
    19470.0000  -1.498736   0.300441  -1.198295 
    19500.0000  -1.495372   0.300466  -1.194906 
    19530.0000  -1.496785   0.298952  -1.197833 
    19560.0000  -1.498451   0.299127  -1.199324 
    19590.0000  -1.500033   0.298270  -1.201763 
    19620.0000  -1.500328   0.298720  -1.201608 
    19650.0000  -1.499458   0.298080  -1.201378 
    19680.0000  -1.499234   0.299956  -1.199277 
    19710.0000  -1.498836   0.301616  -1.197220 
    19740.0000  -1.500699   0.301815  -1.198884 
    19770.0000  -1.499020   0.299512  -1.199508 
    19800.0000  -1.498776   0.298514  -1.200262 
    19830.0000  -1.498426   0.299036  -1.199390 
    19860.0000  -1.498265   0.299191  -1.199074 
    19890.0000  -1.499058   0.297965  -1.201093 
    19920.0000  -1.500139   0.300154  -1.199985 
    19950.0000  -1.496222   0.297538  -1.198684 
    19980.0000  -1.497630   0.302044  -1.195586 
    20010.0000  -1.494528   0.301136  -1.193392 
    20040.0000  -1.499486   0.303169  -1.196317 
    20070.0000  -1.500183   0.304479  -1.195704 
    20100.0000  -1.496950   0.301563  -1.195387 
    20130.0000  -1.494687   0.300405  -1.194283 
    20160.0000  -1.496527   0.302321  -1.194206 
    20190.0000  -1.495997   0.300519  -1.195478 
    20220.0000  -1.495896   0.300586  -1.195310 
    20250.0000  -1.496716   0.301444  -1.195272 
    20280.0000  -1.497345   0.300949  -1.196396 
    20310.0000  -1.498814   0.300794  -1.198019 
    20340.0000  -1.500513   0.302225  -1.198288 
    20370.0000  -1.497801   0.300244  -1.197557 
    20400.0000  -1.499193   0.300447  -1.198746 
    20430.0000  -1.497378   0.299225  -1.198153 
    20460.0000  -1.497700   0.299418  -1.198282 
    20490.0000  -1.497676   0.299900  -1.197777 
    20520.0000  -1.495713   0.300422  -1.195291 
    20550.0000  -1.494654   0.301026  -1.193627 
    20580.0000  -1.496575   0.301082  -1.195493 
    20610.0000  -1.499009   0.299597  -1.199412 
    20640.0000  -1.499066   0.299212  -1.199854 
    20670.0000  -1.498031   0.300088  -1.197943 
    20700.0000  -1.499825   0.300632  -1.199192 
    20730.0000  -1.499660   0.301024  -1.198636 
    20760.0000  -1.498438   0.300095  -1.198343 
    20790.0000  -1.497200   0.299528  -1.197671 
    20820.0000  -1.500330   0.300408  -1.199922 
    20850.0000  -1.500033   0.300551  -1.199482 
    20880.0000  -1.498397   0.298419  -1.199977 
    20910.0000  -1.499114   0.299524  -1.199590 
    20940.0000  -1.500533   0.297941  -1.202592 
    20970.0000  -1.500315   0.297985  -1.202330 
    21000.0000  -1.501609   0.297635  -1.203974 
    21030.0000  -1.500973   0.299289  -1.201684 
    21060.0000  -1.499236   0.299627  -1.199609 
    21090.0000  -1.496811   0.299881  -1.196930 
    21120.0000  -1.497268   0.299973  -1.197295 
    21150.0000  -1.497087   0.301698  -1.195389 
    21180.0000  -1.496682   0.301737  -1.194945 
    21210.0000  -1.496564   0.300011  -1.196553 
    21240.0000  -1.496204   0.300387  -1.195818 
    21270.0000  -1.499281   0.300045  -1.199236 
    21300.0000  -1.500097   0.300063  -1.200034 
    21330.0000  -1.500469   0.298720  -1.201750 
    21360.0000  -1.498744   0.298319  -1.200425 
    21390.0000  -1.498728   0.302667  -1.196061 
    21420.0000  -1.498467   0.299813  -1.198653 
    21450.0000  -1.498255   0.300870  -1.197385 
    21480.0000  -1.496240   0.301152  -1.195088 
    21510.0000  -1.496442   0.301899  -1.194543 
    21540.0000  -1.494588   0.300156  -1.194433 
    21570.0000  -1.495389   0.301333  -1.194056 
    21600.0000  -1.497725   0.301015  -1.196709 
    21630.0000  -1.498083   0.298411  -1.199672 
    21660.0000  -1.500369   0.300197  -1.200172 
    21690.0000  -1.497555   0.297287  -1.200268 
    21720.0000  -1.501224   0.299068  -1.202156 
    21750.0000  -1.501404   0.297911  -1.203493 
    21780.0000  -1.500092   0.298486  -1.201607 
    21810.0000  -1.500520   0.299925  -1.200595 
    21840.0000  -1.501214   0.299962  -1.201252 
    21870.0000  -1.497737   0.299837  -1.197901 
    21900.0000  -1.497606   0.301694  -1.195912 
    21930.0000  -1.498882   0.301636  -1.197245 
    21960.0000  -1.497538   0.298858  -1.198680 
    21990.0000  -1.497028   0.298385  -1.198643 
    22020.0000  -1.499625   0.298488  -1.201137 
    22050.0000  -1.501493   0.299801  -1.201692 
    22080.0000  -1.500495   0.296746  -1.203749 
    22110.0000  -1.502413   0.297799  -1.204614 
    22140.0000  -1.500063   0.300168  -1.199895 
    22170.0000  -1.498626   0.299086  -1.199540 
    22200.0000  -1.498687   0.300191  -1.198495 
    22230.0000  -1.500279   0.299908  -1.200371 
    22260.0000  -1.501401   0.300457  -1.200944 
    22290.0000  -1.499976   0.298865  -1.201111 
    22320.0000  -1.497910   0.299254  -1.198656 
    22350.0000  -1.498221   0.301722  -1.196499 
    22380.0000  -1.500124   0.299237  -1.200887 
    22410.0000  -1.502629   0.301512  -1.201117 
    22440.0000  -1.500694   0.301885  -1.198808 
    22470.0000  -1.497834   0.298680  -1.199153 
    22500.0000  -1.502504   0.300776  -1.201728 
    22530.0000  -1.497313   0.300263  -1.197050 
    22560.0000  -1.500104   0.300491  -1.199614 
    22590.0000  -1.498151   0.300101  -1.198049 
    22620.0000  -1.497061   0.301010  -1.196052 
    22650.0000  -1.499529   0.303163  -1.196366 
    22680.0000  -1.497269   0.300842  -1.196427 
    22710.0000  -1.496603   0.299829  -1.196774 
    22740.0000  -1.498789   0.299546  -1.199243 
    22770.0000  -1.496470   0.299520  -1.196950 
    22800.0000  -1.495699   0.300656  -1.195043 
    22830.0000  -1.499245   0.300694  -1.198551 
    22860.0000  -1.497312   0.300996  -1.196316 
    22890.0000  -1.498669   0.302726  -1.195944 
    22920.0000  -1.496023   0.300612  -1.195412 
    22950.0000  -1.496504   0.300801  -1.195702 
    22980.0000  -1.498792   0.302008  -1.196783 
    23010.0000  -1.497840   0.301859  -1.195981 
    23040.0000  -1.495195   0.302569  -1.192626 
    23070.0000  -1.495436   0.303218  -1.192218 
    23100.0000  -1.496699   0.300831  -1.195869 
    23130.0000  -1.497525   0.299819  -1.197706 
    23160.0000  -1.498059   0.302392  -1.195667 
    23190.0000  -1.498848   0.301242  -1.197605 
    23220.0000  -1.497946   0.301848  -1.196098 
    23250.0000  -1.499746   0.300278  -1.199468 
    23280.0000  -1.498475   0.299491  -1.198984 
    23310.0000  -1.500350   0.300601  -1.199749 
    23340.0000  -1.496724   0.299634  -1.197091 
    23370.0000  -1.497799   0.301709  -1.196090 
    23400.0000  -1.497150   0.299147  -1.198003 
    23430.0000  -1.499686   0.299995  -1.199691 
    23460.0000  -1.498733   0.296372  -1.202361 
    23490.0000  -1.501711   0.299146  -1.202565 
    23520.0000  -1.502059   0.299986  -1.202072 
    23550.0000  -1.499285   0.298795  -1.200489 
    23580.0000  -1.499681   0.296966  -1.202715 
    23610.0000  -1.501092   0.300804  -1.200289 
    23640.0000  -1.499271   0.297991  -1.201280 
    23670.0000  -1.498152   0.298760  -1.199391 
    23700.0000  -1.499741   0.300959  -1.198783 
    23730.0000  -1.497957   0.302184  -1.195773 
    23760.0000  -1.496890   0.299857  -1.197034 
    23790.0000  -1.497288   0.298761  -1.198527 
    23820.0000  -1.495755   0.298727  -1.197028 
    23850.0000  -1.497700   0.298998  -1.198702 
    23880.0000  -1.498949   0.300259  -1.198691 
    23910.0000  -1.499701   0.300164  -1.199537 
    23940.0000  -1.500865   0.300349  -1.200516 
    23970.0000  -1.498932   0.300007  -1.198925 
    24000.0000  -1.499064   0.299479  -1.199585 
    24030.0000  -1.499778   0.299674  -1.200104 
    24060.0000  -1.497575   0.299737  -1.197839 
    24090.0000  -1.497794   0.301296  -1.196497 
    24120.0000  -1.499588   0.302165  -1.197423 
    24150.0000  -1.497177   0.299645  -1.197532 
    24180.0000  -1.498124   0.297968  -1.200156 
    24210.0000  -1.500051   0.300817  -1.199234 
    24240.0000  -1.499393   0.299681  -1.199712 
    24270.0000  -1.498868   0.299014  -1.199854 
    24300.0000  -1.498185   0.298599  -1.199586 
    24330.0000  -1.498819   0.300165  -1.198654 
    24360.0000  -1.498632   0.298298  -1.200334 
    24390.0000  -1.499139   0.301754  -1.197385 
    24420.0000  -1.497690   0.300950  -1.196741 
    24450.0000  -1.496729   0.299238  -1.197491 
    24480.0000  -1.499567   0.301917  -1.197650 
    24510.0000  -1.496574   0.299919  -1.196654 
    24540.0000  -1.498349   0.300573  -1.197776 
    24570.0000  -1.501727   0.301370  -1.200357 
    24600.0000  -1.500665   0.297502  -1.203163 
    24630.0000  -1.501364   0.300320  -1.201044 
    24660.0000  -1.499164   0.297808  -1.201356 
    24690.0000  -1.499189   0.299034  -1.200155 
    24720.0000  -1.495510   0.298596  -1.196914 
    24750.0000  -1.499835   0.301171  -1.198664 
    24780.0000  -1.498516   0.300668  -1.197848 
    24810.0000  -1.499041   0.301207  -1.197833 
    24840.0000  -1.497521   0.302908  -1.194612 
    24870.0000  -1.498955   0.303464  -1.195491 
    24900.0000  -1.496785   0.302202  -1.194583 
    24930.0000  -1.492627   0.300185  -1.192442 
    24960.0000  -1.496795   0.303876  -1.192919 
    24990.0000  -1.496264   0.301926  -1.194338 
    25020.0000  -1.497782   0.303335  -1.194447 
    25050.0000  -1.495496   0.302256  -1.193240 
    25080.0000  -1.495898   0.302642  -1.193257 
    25110.0000  -1.496422   0.304011  -1.192411 
    25140.0000  -1.496521   0.299735  -1.196786 
    25170.0000  -1.497939   0.300536  -1.197403 
    25200.0000  -1.498140   0.299463  -1.198677 
    25230.0000  -1.497785   0.300722  -1.197063 
    25260.0000  -1.497871   0.299231  -1.198640 
    25290.0000  -1.500002   0.298692  -1.201311 
    25320.0000  -1.497161   0.298388  -1.198772 
    25350.0000  -1.498674   0.301058  -1.197616 
    25380.0000  -1.498611   0.301159  -1.197452 
    25410.0000  -1.500274   0.301013  -1.199261 
    25440.0000  -1.498221   0.300924  -1.197297 
    25470.0000  -1.497244   0.301490  -1.195754 
    25500.0000  -1.496723   0.300274  -1.196450 
    25530.0000  -1.496980   0.302502  -1.194479 
    25560.0000  -1.493508   0.300464  -1.193043 
    25590.0000  -1.497585   0.302279  -1.195306 
    25620.0000  -1.497089   0.301836  -1.195253 
    25650.0000  -1.496804   0.302674  -1.194130 
    25680.0000  -1.498410   0.303364  -1.195046 
    25710.0000  -1.497557   0.300895  -1.196663 
    25740.0000  -1.499121   0.300757  -1.198364 
    25770.0000  -1.497145   0.301434  -1.195711 
    25800.0000  -1.497808   0.300601  -1.197207 
    25830.0000  -1.499683   0.301535  -1.198149 
    25860.0000  -1.496451   0.301037  -1.195414 
    25890.0000  -1.499223   0.302697  -1.196527 
    25920.0000  -1.496601   0.299181  -1.197420 
    25950.0000  -1.499941   0.301258  -1.198682 
    25980.0000  -1.498949   0.299253  -1.199696 
    26010.0000  -1.501657   0.298120  -1.203537 
    26040.0000  -1.502831   0.298916  -1.203915 
    26070.0000  -1.498710   0.297514  -1.201197 
    26100.0000  -1.499205   0.298842  -1.200363 
    26130.0000  -1.499058   0.299747  -1.199312 
    26160.0000  -1.497326   0.298016  -1.199310 
    26190.0000  -1.499148   0.302012  -1.197136 
    26220.0000  -1.496225   0.302240  -1.193985 
    26250.0000  -1.498222   0.301670  -1.196551 
    26280.0000  -1.494297   0.299812  -1.194484 
    26310.0000  -1.496310   0.302362  -1.193948 
    26340.0000  -1.498152   0.304479  -1.193673 
    26370.0000  -1.496274   0.301730  -1.194545 
    26400.0000  -1.497740   0.299280  -1.198460 
    26430.0000  -1.498312   0.299721  -1.198590 
    26460.0000  -1.495376   0.299974  -1.195402 
    26490.0000  -1.495928   0.300333  -1.195595 
    26520.0000  -1.497269   0.300894  -1.196375 
    26550.0000  -1.496413   0.300523  -1.195891 
    26580.0000  -1.499946   0.303222  -1.196724 
    26610.0000  -1.499240   0.300398  -1.198842 
    26640.0000  -1.498952   0.300121  -1.198831 
    26670.0000  -1.499103   0.299951  -1.199152 
    26700.0000  -1.497312   0.299640  -1.197673 
    26730.0000  -1.499181   0.299641  -1.199540 
    26760.0000  -1.499000   0.298253  -1.200748 
    26790.0000  -1.500314   0.302681  -1.197633 
    26820.0000  -1.496919   0.300998  -1.195921 
    26850.0000  -1.496230   0.301281  -1.194949 
    26880.0000  -1.497643   0.302303  -1.195340 
    26910.0000  -1.495263   0.299942  -1.195322 
    26940.0000  -1.493927   0.298269  -1.195658 
    26970.0000  -1.499069   0.299356  -1.199714 
    27000.0000  -1.499834   0.298605  -1.201229 
    27030.0000  -1.499857   0.299585  -1.200272 
    27060.0000  -1.499467   0.297995  -1.201473 
    27090.0000  -1.498358   0.299967  -1.198391 
    27120.0000  -1.498375   0.299709  -1.198666 
    27150.0000  -1.498388   0.299596  -1.198792 
    27180.0000  -1.498573   0.301947  -1.196626 
    27210.0000  -1.496983   0.299474  -1.197510 
    27240.0000  -1.496462   0.301285  -1.195177 
    27270.0000  -1.499099   0.303082  -1.196017 
    27300.0000  -1.496207   0.299878  -1.196329 
    27330.0000  -1.494633   0.299616  -1.195017 
    27360.0000  -1.497677   0.300544  -1.197133 
    27390.0000  -1.496893   0.300338  -1.196556 
    27420.0000  -1.497000   0.300164  -1.196836 
    27450.0000  -1.500031   0.299975  -1.200056 
    27480.0000  -1.498570   0.299715  -1.198855 
    27510.0000  -1.498672   0.301541  -1.197131 
    27540.0000  -1.496366   0.300798  -1.195569 
    27570.0000  -1.495311   0.300326  -1.194986 
    27600.0000  -1.499680   0.301142  -1.198538 
    27630.0000  -1.497071   0.300268  -1.196803 
    27660.0000  -1.497795   0.301821  -1.195974 
    27690.0000  -1.497900   0.301432  -1.196468 
    27720.0000  -1.495977   0.297919  -1.198058 
    27750.0000  -1.500117   0.301412  -1.198705 
    27780.0000  -1.498261   0.297105  -1.201155 
    27810.0000  -1.498961   0.299453  -1.199507 
    27840.0000  -1.499083   0.300165  -1.198918 
    27870.0000  -1.498297   0.300085  -1.198212 
    27900.0000  -1.500705   0.300197  -1.200508 
    27930.0000  -1.499485   0.300490  -1.198994 
    27960.0000  -1.497178   0.299900  -1.197278 
    27990.0000  -1.497680   0.300775  -1.196905 
    28020.0000  -1.498624   0.301340  -1.197285 
    28050.0000  -1.500516   0.300332  -1.200184 
    28080.0000  -1.500870   0.300301  -1.200569 
    28110.0000  -1.500052   0.299428  -1.200625 
    28140.0000  -1.499570   0.299084  -1.200485 
    28170.0000  -1.499703   0.299210  -1.200492 
    28200.0000  -1.499257   0.296551  -1.202707 
    28230.0000  -1.500980   0.298882  -1.202098 
    28260.0000  -1.498988   0.297612  -1.201376 
    28290.0000  -1.501954   0.298516  -1.203439 
    28320.0000  -1.500094   0.297921  -1.202173 
    28350.0000  -1.498333   0.298500  -1.199834 
    28380.0000  -1.498855   0.299196  -1.199659 
    28410.0000  -1.498100   0.298260  -1.199840 
    28440.0000  -1.497984   0.300532  -1.197452 
    28470.0000  -1.499040   0.299561  -1.199478 
    28500.0000  -1.500571   0.301004  -1.199567 
    28530.0000  -1.497213   0.301909  -1.195304 
    28560.0000  -1.497381   0.302915  -1.194466 
    28590.0000  -1.495696   0.301815  -1.193882 
    28620.0000  -1.497855   0.304049  -1.193806 
    28650.0000  -1.497376   0.300367  -1.197009 
    28680.0000  -1.500448   0.301411  -1.199037 
    28710.0000  -1.501260   0.300721  -1.200539 
    28740.0000  -1.499451   0.299187  -1.200263 
    28770.0000  -1.498768   0.298264  -1.200505 
    28800.0000  -1.498165   0.298071  -1.200093 
    28830.0000  -1.497964   0.297571  -1.200393 
    28860.0000  -1.499437   0.301553  -1.197884 
    28890.0000  -1.500029   0.303804  -1.196225 
    28920.0000  -1.498677   0.300237  -1.198440 
    28950.0000  -1.499362   0.300824  -1.198537 
    28980.0000  -1.500118   0.301226  -1.198892 
    29010.0000  -1.496899   0.300656  -1.196243 
    29040.0000  -1.497292   0.301242  -1.196050 
    29070.0000  -1.498033   0.302370  -1.195663 
    29100.0000  -1.497494   0.301291  -1.196204 
    29130.0000  -1.497872   0.299421  -1.198451 
    29160.0000  -1.499904   0.303680  -1.196224 
    29190.0000  -1.495736   0.299305  -1.196431 
    29220.0000  -1.497681   0.300035  -1.197646 
    29250.0000  -1.499582   0.299256  -1.200325 
    29280.0000  -1.498149   0.299033  -1.199116 
    29310.0000  -1.497884   0.300555  -1.197328 
    29340.0000  -1.495425   0.299066  -1.196359 
    29370.0000  -1.497212   0.301528  -1.195683 
    29400.0000  -1.499429   0.302363  -1.197066 
    29430.0000  -1.497501   0.300607  -1.196894 
    29460.0000  -1.496862   0.298770  -1.198092 
    29490.0000  -1.499058   0.298807  -1.200251 
    29520.0000  -1.497732   0.300505  -1.197227 
    29550.0000  -1.499610   0.299855  -1.199755 
    29580.0000  -1.498787   0.297998  -1.200789 
    29610.0000  -1.499945   0.298791  -1.201154 
    29640.0000  -1.501498   0.300415  -1.201084 
    29670.0000  -1.499428   0.297537  -1.201891 
    29700.0000  -1.500657   0.300828  -1.199829 
    29730.0000  -1.499786   0.298977  -1.200809 
    29760.0000  -1.502040   0.298703  -1.203337 
    29790.0000  -1.499074   0.297045  -1.202030 
    29820.0000  -1.498481   0.299162  -1.199319 
    29850.0000  -1.499442   0.301996  -1.197446 
    29880.0000  -1.499454   0.302764  -1.196691 
    29910.0000  -1.496393   0.301031  -1.195362 
    29940.0000  -1.495592   0.300350  -1.195242 
    29970.0000  -1.498560   0.299860  -1.198700 
    30000.0000  -1.497205   0.301139  -1.196066 
