        0.0000  -1.833131   0.302592  -1.530539 
       30.0000  -1.628973   0.197579  -1.431394 
       60.0000  -1.591663   0.226766  -1.364897 
       90.0000  -1.565154   0.250866  -1.314288 
      120.0000  -1.546888   0.262608  -1.284280 
      150.0000  -1.534567   0.275573  -1.258993 
      180.0000  -1.522719   0.281520  -1.241199 
      210.0000  -1.515826   0.286630  -1.229196 
      240.0000  -1.513078   0.290217  -1.222861 
      270.0000  -1.507083   0.292612  -1.214471 
      300.0000  -1.505970   0.294725  -1.211245 
      330.0000  -1.505275   0.299907  -1.205368 
      360.0000  -1.501788   0.298206  -1.203581 
      390.0000  -1.503770   0.299517  -1.204253 
      420.0000  -1.500148   0.297097  -1.203051 
      450.0000  -1.500553   0.299584  -1.200969 
      480.0000  -1.498770   0.299088  -1.199683 
      510.0000  -1.496771   0.298496  -1.198275 
      540.0000  -1.497361   0.300280  -1.197081 
      570.0000  -1.496016   0.300410  -1.195606 
      600.0000  -1.496556   0.301966  -1.194589 
      630.0000  -1.497851   0.302413  -1.195439 
      660.0000  -1.495765   0.297421  -1.198345 
      690.0000  -1.500427   0.302030  -1.198396 
      720.0000  -1.500115   0.301271  -1.198845 
      750.0000  -1.499554   0.300639  -1.198915 
      780.0000  -1.496420   0.300005  -1.196415 
      810.0000  -1.498745   0.299043  -1.199702 
      840.0000  -1.498871   0.301112  -1.197759 
      870.0000  -1.498379   0.300334  -1.198045 
      900.0000  -1.496917   0.299997  -1.196920 
      930.0000  -1.497245   0.300057  -1.197188 
      960.0000  -1.499347   0.300860  -1.198487 
      990.0000  -1.501100   0.301995  -1.199105 
     1020.0000  -1.500231   0.300047  -1.200184 
     1050.0000  -1.498921   0.298666  -1.200255 
     1080.0000  -1.500721   0.299272  -1.201450 
     1110.0000  -1.500061   0.300663  -1.199398 
     1140.0000  -1.500298   0.301706  -1.198592 
     1170.0000  -1.500000   0.300944  -1.199056 
     1200.0000  -1.500637   0.298191  -1.202446 
     1230.0000  -1.501358   0.299657  -1.201702 
     1260.0000  -1.499526   0.299068  -1.200458 
     1290.0000  -1.498922   0.300129  -1.198793 
     1320.0000  -1.498674   0.299276  -1.199398 
     1350.0000  -1.500293   0.300479  -1.199815 
     1380.0000  -1.499230   0.300896  -1.198333 
     1410.0000  -1.498913   0.301299  -1.197614 
     1440.0000  -1.496857   0.300206  -1.196651 
     1470.0000  -1.496880   0.299722  -1.197158 
     1500.0000  -1.497041   0.298243  -1.198798 
     1530.0000  -1.499702   0.301990  -1.197712 
     1560.0000  -1.498446   0.300736  -1.197710 
     1590.0000  -1.501448   0.301358  -1.200090 
     1620.0000  -1.500582   0.300006  -1.200575 
     1650.0000  -1.499090   0.300323  -1.198766 
     1680.0000  -1.497709   0.299829  -1.197880 
     1710.0000  -1.500039   0.301103  -1.198936 
     1740.0000  -1.500962   0.300889  -1.200073 
     1770.0000  -1.499978   0.298783  -1.201195 
     1800.0000  -1.500414   0.298985  -1.201429 
     1830.0000  -1.501263   0.299000  -1.202262 
     1860.0000  -1.500643   0.300008  -1.200636 
     1890.0000  -1.498739   0.300874  -1.197865 
     1920.0000  -1.498755   0.302372  -1.196383 
     1950.0000  -1.494829   0.298786  -1.196043 
     1980.0000  -1.499319   0.301370  -1.197949 
     2010.0000  -1.498119   0.297371  -1.200748 
     2040.0000  -1.498313   0.302689  -1.195624 
     2070.0000  -1.500180   0.301987  -1.198193 
     2100.0000  -1.498654   0.301182  -1.197472 
     2130.0000  -1.497201   0.301359  -1.195842 
     2160.0000  -1.496863   0.300197  -1.196666 
     2190.0000  -1.496095   0.302152  -1.193943 
     2220.0000  -1.498936   0.300806  -1.198131 
     2250.0000  -1.498928   0.302907  -1.196021 
     2280.0000  -1.498043   0.301552  -1.196492 
     2310.0000  -1.498272   0.303467  -1.194806 
     2340.0000  -1.496310   0.301641  -1.194668 
     2370.0000  -1.497537   0.302633  -1.194903 
     2400.0000  -1.498960   0.303037  -1.195923 
     2430.0000  -1.493061   0.299808  -1.193253 
     2460.0000  -1.497543   0.301162  -1.196382 
     2490.0000  -1.497739   0.301073  -1.196666 
     2520.0000  -1.498078   0.303286  -1.194792 
     2550.0000  -1.496380   0.300815  -1.195566 
     2580.0000  -1.498832   0.299959  -1.198873 
     2610.0000  -1.500163   0.301204  -1.198959 
     2640.0000  -1.501216   0.298625  -1.202592 
     2670.0000  -1.503120   0.299109  -1.204011 
     2700.0000  -1.503455   0.299626  -1.203829 
     2730.0000  -1.503943   0.300317  -1.203627 
     2760.0000  -1.498574   0.297551  -1.201023 
     2790.0000  -1.502132   0.298507  -1.203624 
     2820.0000  -1.501754   0.299618  -1.202136 
     2850.0000  -1.502285   0.298649  -1.203636 
     2880.0000  -1.500271   0.298824  -1.201448 
     2910.0000  -1.497851   0.297073  -1.200778 
     2940.0000  -1.501361   0.299647  -1.201714 
     2970.0000  -1.500321   0.299561  -1.200761 
     3000.0000  -1.499024   0.301086  -1.197938 
     3030.0000  -1.501021   0.302404  -1.198617 
     3060.0000  -1.500161   0.303296  -1.196864 
     3090.0000  -1.498348   0.299189  -1.199159 
     3120.0000  -1.499602   0.302070  -1.197532 
     3150.0000  -1.500281   0.299951  -1.200331 
     3180.0000  -1.499018   0.301463  -1.197554 
     3210.0000  -1.502193   0.302928  -1.199265 
     3240.0000  -1.500334   0.300205  -1.200129 
     3270.0000  -1.501816   0.299980  -1.201837 
     3300.0000  -1.501010   0.298740  -1.202270 
     3330.0000  -1.498893   0.299286  -1.199607 
     3360.0000  -1.501286   0.299676  -1.201610 
     3390.0000  -1.499834   0.298952  -1.200883 
     3420.0000  -1.496446   0.298743  -1.197703 
     3450.0000  -1.499690   0.298919  -1.200771 
     3480.0000  -1.500906   0.300246  -1.200659 
     3510.0000  -1.499517   0.298457  -1.201060 
     3540.0000  -1.498859   0.299992  -1.198867 
     3570.0000  -1.500015   0.302077  -1.197938 
     3600.0000  -1.498780   0.297515  -1.201265 
     3630.0000  -1.497185   0.299131  -1.198054 
     3660.0000  -1.498398   0.301044  -1.197354 
     3690.0000  -1.496954   0.301533  -1.195421 
     3720.0000  -1.499085   0.302711  -1.196374 
     3750.0000  -1.499533   0.302557  -1.196976 
     3780.0000  -1.496765   0.301114  -1.195651 
     3810.0000  -1.496760   0.301249  -1.195510 
     3840.0000  -1.496576   0.300067  -1.196509 
     3870.0000  -1.500142   0.300469  -1.199674 
     3900.0000  -1.500982   0.300645  -1.200337 
     3930.0000  -1.499366   0.300323  -1.199044 
     3960.0000  -1.498226   0.298054  -1.200172 
     3990.0000  -1.498524   0.300570  -1.197954 
     4020.0000  -1.497123   0.300601  -1.196522 
     4050.0000  -1.495222   0.301239  -1.193984 
     4080.0000  -1.497211   0.301216  -1.195996 
     4110.0000  -1.498075   0.301646  -1.196429 
     4140.0000  -1.497827   0.300172  -1.197655 
     4170.0000  -1.498051   0.300701  -1.197351 
     4200.0000  -1.497405   0.298225  -1.199181 
     4230.0000  -1.499782   0.299095  -1.200687 
     4260.0000  -1.500676   0.298955  -1.201722 
     4290.0000  -1.500733   0.297748  -1.202985 
     4320.0000  -1.500870   0.300081  -1.200790 
     4350.0000  -1.501399   0.299929  -1.201471 
     4380.0000  -1.499746   0.296377  -1.203369 
     4410.0000  -1.502448   0.299415  -1.203033 
     4440.0000  -1.498733   0.295191  -1.203542 
     4470.0000  -1.500106   0.298972  -1.201134 
     4500.0000  -1.500420   0.299056  -1.201364 
     4530.0000  -1.498533   0.299086  -1.199447 
     4560.0000  -1.498948   0.298489  -1.200459 
     4590.0000  -1.500487   0.300424  -1.200064 
     4620.0000  -1.498774   0.298000  -1.200774 
     4650.0000  -1.499067   0.299545  -1.199523 
     4680.0000  -1.499873   0.300109  -1.199764 
     4710.0000  -1.497053   0.299520  -1.197533 
     4740.0000  -1.498023   0.298466  -1.199557 
     4770.0000  -1.500294   0.300128  -1.200166 
     4800.0000  -1.500676   0.298374  -1.202302 
     4830.0000  -1.502220   0.300147  -1.202073 
     4860.0000  -1.497652   0.297680  -1.199973 
     4890.0000  -1.500339   0.301213  -1.199127 
     4920.0000  -1.500387   0.300448  -1.199939 
     4950.0000  -1.496940   0.298211  -1.198729 
     4980.0000  -1.499424   0.301286  -1.198137 
     5010.0000  -1.500788   0.300168  -1.200619 
     5040.0000  -1.501051   0.298790  -1.202261 
     5070.0000  -1.500487   0.301060  -1.199426 
     5100.0000  -1.498802   0.300987  -1.197815 
     5130.0000  -1.499719   0.301684  -1.198035 
     5160.0000  -1.500133   0.300675  -1.199458 
     5190.0000  -1.498711   0.300460  -1.198251 
     5220.0000  -1.497578   0.301834  -1.195744 
     5250.0000  -1.497409   0.299444  -1.197965 
     5280.0000  -1.497716   0.300905  -1.196811 
     5310.0000  -1.498632   0.301808  -1.196824 
     5340.0000  -1.498285   0.300823  -1.197462 
     5370.0000  -1.499305   0.300574  -1.198732 
     5400.0000  -1.498236   0.301830  -1.196406 
     5430.0000  -1.496851   0.300381  -1.196470 
     5460.0000  -1.496669   0.301742  -1.194928 
     5490.0000  -1.495775   0.300708  -1.195067 
     5520.0000  -1.499127   0.304554  -1.194573 
     5550.0000  -1.496831   0.299675  -1.197155 
     5580.0000  -1.498791   0.300949  -1.197842 
     5610.0000  -1.498799   0.301996  -1.196803 
     5640.0000  -1.496654   0.301033  -1.195620 
     5670.0000  -1.497975   0.302535  -1.195440 
     5700.0000  -1.500242   0.303062  -1.197180 
     5730.0000  -1.499520   0.301464  -1.198055 
     5760.0000  -1.497489   0.299804  -1.197685 
     5790.0000  -1.500785   0.300911  -1.199874 
     5820.0000  -1.498731   0.298555  -1.200176 
     5850.0000  -1.499539   0.299227  -1.200313 
     5880.0000  -1.499504   0.299643  -1.199861 
     5910.0000  -1.498303   0.298871  -1.199432 
     5940.0000  -1.498449   0.301385  -1.197064 
     5970.0000  -1.496326   0.301044  -1.195282 
     6000.0000  -1.497138   0.301934  -1.195204 
     6030.0000  -1.497640   0.302251  -1.195389 
     6060.0000  -1.498399   0.301848  -1.196551 
     6090.0000  -1.499502   0.301859  -1.197643 
     6120.0000  -1.499613   0.301997  -1.197616 
     6150.0000  -1.498218   0.300266  -1.197953 
     6180.0000  -1.496527   0.299691  -1.196835 
     6210.0000  -1.499478   0.301311  -1.198167 
     6240.0000  -1.497171   0.300796  -1.196375 
     6270.0000  -1.499520   0.302587  -1.196933 
     6300.0000  -1.495032   0.302850  -1.192182 
     6330.0000  -1.497796   0.303666  -1.194130 
     6360.0000  -1.498572   0.301418  -1.197154 
     6390.0000  -1.495888   0.300807  -1.195081 
     6420.0000  -1.498321   0.299892  -1.198428 
     6450.0000  -1.498266   0.299789  -1.198477 
     6480.0000  -1.496965   0.300643  -1.196322 
     6510.0000  -1.497698   0.299851  -1.197847 
     6540.0000  -1.498476   0.299470  -1.199006 
     6570.0000  -1.499760   0.299262  -1.200497 
     6600.0000  -1.500745   0.299699  -1.201046 
     6630.0000  -1.499385   0.300792  -1.198592 
     6660.0000  -1.499589   0.301618  -1.197971 
     6690.0000  -1.498662   0.302344  -1.196318 
     6720.0000  -1.499076   0.302839  -1.196237 
     6750.0000  -1.498616   0.303649  -1.194968 
     6780.0000  -1.496710   0.301398  -1.195312 
     6810.0000  -1.497435   0.300819  -1.196617 
     6840.0000  -1.498257   0.301023  -1.197235 
     6870.0000  -1.498453   0.300684  -1.197769 
     6900.0000  -1.495903   0.300764  -1.195139 
     6930.0000  -1.497184   0.300310  -1.196873 
     6960.0000  -1.497588   0.302899  -1.194690 
     6990.0000  -1.496108   0.301832  -1.194276 
     7020.0000  -1.496433   0.301573  -1.194860 
     7050.0000  -1.498288   0.301015  -1.197274 
     7080.0000  -1.498254   0.300069  -1.198186 
     7110.0000  -1.498125   0.300617  -1.197508 
     7140.0000  -1.500116   0.300721  -1.199394 
     7170.0000  -1.501122   0.302134  -1.198988 
     7200.0000  -1.501030   0.300651  -1.200379 
     7230.0000  -1.499627   0.301841  -1.197786 
     7260.0000  -1.497593   0.299942  -1.197651 
     7290.0000  -1.496786   0.298040  -1.198746 
     7320.0000  -1.500686   0.301559  -1.199127 
     7350.0000  -1.498820   0.299775  -1.199045 
     7380.0000  -1.497092   0.300097  -1.196995 
     7410.0000  -1.498925   0.298811  -1.200114 
     7440.0000  -1.498528   0.300949  -1.197579 
     7470.0000  -1.501598   0.302328  -1.199270 
     7500.0000  -1.500656   0.303709  -1.196947 
     7530.0000  -1.497546   0.300951  -1.196595 
     7560.0000  -1.498033   0.301499  -1.196534 
     7590.0000  -1.497345   0.301988  -1.195357 
     7620.0000  -1.496841   0.301863  -1.194978 
     7650.0000  -1.495587   0.302067  -1.193520 
     7680.0000  -1.494699   0.302338  -1.192362 
     7710.0000  -1.496983   0.302465  -1.194518 
     7740.0000  -1.495758   0.301406  -1.194352 
     7770.0000  -1.495152   0.300205  -1.194946 
     7800.0000  -1.496088   0.301288  -1.194800 
     7830.0000  -1.497125   0.301648  -1.195476 
     7860.0000  -1.497300   0.300316  -1.196984 
     7890.0000  -1.500074   0.299600  -1.200475 
     7920.0000  -1.498596   0.298821  -1.199775 
     7950.0000  -1.497829   0.299941  -1.197888 
     7980.0000  -1.498633   0.301347  -1.197286 
     8010.0000  -1.497738   0.300356  -1.197382 
     8040.0000  -1.497010   0.302001  -1.195009 
     8070.0000  -1.495374   0.299927  -1.195446 
     8100.0000  -1.499917   0.300217  -1.199700 
     8130.0000  -1.496528   0.296878  -1.199650 
     8160.0000  -1.499984   0.299919  -1.200064 
     8190.0000  -1.499796   0.300006  -1.199790 
     8220.0000  -1.498966   0.299203  -1.199763 
     8250.0000  -1.500480   0.300118  -1.200362 
     8280.0000  -1.499567   0.298728  -1.200839 
     8310.0000  -1.501719   0.301433  -1.200286 
     8340.0000  -1.499302   0.297737  -1.201566 
     8370.0000  -1.498005   0.298328  -1.199677 
     8400.0000  -1.496729   0.300690  -1.196039 
     8430.0000  -1.498514   0.302235  -1.196279 
     8460.0000  -1.498767   0.301113  -1.197655 
     8490.0000  -1.495975   0.301634  -1.194341 
     8520.0000  -1.496684   0.301809  -1.194875 
     8550.0000  -1.498959   0.300926  -1.198032 
     8580.0000  -1.497792   0.299891  -1.197901 
     8610.0000  -1.499346   0.302234  -1.197112 
     8640.0000  -1.497026   0.300490  -1.196537 
     8670.0000  -1.496526   0.299811  -1.196716 
     8700.0000  -1.497464   0.300457  -1.197007 
     8730.0000  -1.496558   0.300239  -1.196318 
     8760.0000  -1.498216   0.300618  -1.197598 
     8790.0000  -1.498712   0.301328  -1.197383 
     8820.0000  -1.499324   0.300860  -1.198465 
     8850.0000  -1.500605   0.299859  -1.200746 
     8880.0000  -1.500192   0.299035  -1.201157 
     8910.0000  -1.500205   0.300257  -1.199948 
     8940.0000  -1.499389   0.300579  -1.198810 
     8970.0000  -1.497293   0.300794  -1.196499 
     9000.0000  -1.498879   0.300718  -1.198161 
     9030.0000  -1.498005   0.301666  -1.196339 
     9060.0000  -1.498469   0.301683  -1.196787 
     9090.0000  -1.496957   0.299854  -1.197103 
     9120.0000  -1.498577   0.302611  -1.195966 
     9150.0000  -1.498530   0.301635  -1.196895 
     9180.0000  -1.498966   0.298916  -1.200049 
     9210.0000  -1.497792   0.300186  -1.197607 
     9240.0000  -1.500039   0.300085  -1.199953 
     9270.0000  -1.499477   0.299044  -1.200432 
     9300.0000  -1.499982   0.298850  -1.201132 
     9330.0000  -1.499760   0.299482  -1.200278 
     9360.0000  -1.501206   0.298391  -1.202815 
     9390.0000  -1.500247   0.300518  -1.199729 
     9420.0000  -1.499392   0.299708  -1.199684 
     9450.0000  -1.500294   0.300869  -1.199425 
     9480.0000  -1.499574   0.301674  -1.197900 
     9510.0000  -1.498086   0.303331  -1.194756 
     9540.0000  -1.497536   0.302502  -1.195034 
     9570.0000  -1.499319   0.302665  -1.196655 
     9600.0000  -1.499360   0.301855  -1.197506 
     9630.0000  -1.497491   0.300770  -1.196721 
     9660.0000  -1.497268   0.299177  -1.198091 
     9690.0000  -1.499651   0.302093  -1.197558 
     9720.0000  -1.497934   0.300873  -1.197061 
     9750.0000  -1.497256   0.299031  -1.198225 
     9780.0000  -1.500974   0.302051  -1.198923 
     9810.0000  -1.498238   0.299499  -1.198739 
     9840.0000  -1.498326   0.300560  -1.197766 
     9870.0000  -1.499101   0.300277  -1.198824 
     9900.0000  -1.497812   0.300230  -1.197582 
     9930.0000  -1.497772   0.299672  -1.198101 
     9960.0000  -1.500216   0.300935  -1.199281 
     9990.0000  -1.499335   0.300724  -1.198611 
    10020.0000  -1.498768   0.300604  -1.198163 
    10050.0000  -1.498095   0.298433  -1.199662 
    10080.0000  -1.499335   0.299912  -1.199423 
    10110.0000  -1.499372   0.298504  -1.200868 
    10140.0000  -1.500422   0.298906  -1.201517 
    10170.0000  -1.501000   0.299673  -1.201327 
    10200.0000  -1.500462   0.299477  -1.200986 
    10230.0000  -1.498765   0.297390  -1.201376 
    10260.0000  -1.499306   0.298723  -1.200583 
    10290.0000  -1.498711   0.299506  -1.199205 
    10320.0000  -1.497252   0.299825  -1.197427 
    10350.0000  -1.499948   0.299842  -1.200106 
    10380.0000  -1.499999   0.299244  -1.200754 
    10410.0000  -1.498415   0.298129  -1.200286 
    10440.0000  -1.499188   0.300118  -1.199070 
    10470.0000  -1.499381   0.300205  -1.199176 
    10500.0000  -1.496795   0.298528  -1.198268 
    10530.0000  -1.496102   0.300605  -1.195497 
    10560.0000  -1.497399   0.299628  -1.197771 
    10590.0000  -1.498139   0.299122  -1.199018 
    10620.0000  -1.497218   0.301398  -1.195820 
    10650.0000  -1.498261   0.300455  -1.197806 
    10680.0000  -1.499663   0.300315  -1.199348 
    10710.0000  -1.498240   0.299483  -1.198758 
    10740.0000  -1.499266   0.300500  -1.198767 
    10770.0000  -1.499074   0.300117  -1.198957 
    10800.0000  -1.498106   0.299620  -1.198486 
    10830.0000  -1.497259   0.300494  -1.196765 
    10860.0000  -1.497229   0.300593  -1.196636 
    10890.0000  -1.497735   0.301730  -1.196005 
    10920.0000  -1.497196   0.302888  -1.194308 
    10950.0000  -1.495098   0.300993  -1.194105 
    10980.0000  -1.497089   0.301600  -1.195489 
    11010.0000  -1.498016   0.299595  -1.198421 
    11040.0000  -1.495401   0.298702  -1.196699 
    11070.0000  -1.496783   0.299165  -1.197619 
    11100.0000  -1.495960   0.299011  -1.196950 
    11130.0000  -1.497906   0.300543  -1.197363 
    11160.0000  -1.497210   0.301424  -1.195785 
    11190.0000  -1.495746   0.300490  -1.195256 
    11220.0000  -1.495714   0.299424  -1.196290 
    11250.0000  -1.495647   0.300457  -1.195190 
    11280.0000  -1.496363   0.301249  -1.195114 
    11310.0000  -1.497312   0.300627  -1.196685 
    11340.0000  -1.495030   0.298830  -1.196200 
    11370.0000  -1.496844   0.300477  -1.196368 
    11400.0000  -1.497935   0.298542  -1.199394 
    11430.0000  -1.498199   0.300259  -1.197940 
    11460.0000  -1.496138   0.298626  -1.197513 
    11490.0000  -1.498986   0.303443  -1.195543 
    11520.0000  -1.496066   0.300386  -1.195681 
    11550.0000  -1.496259   0.301087  -1.195171 
    11580.0000  -1.497328   0.302820  -1.194509 
    11610.0000  -1.498048   0.302226  -1.195822 
    11640.0000  -1.499854   0.300309  -1.199545 
    11670.0000  -1.500246   0.297224  -1.203022 
    11700.0000  -1.499817   0.296900  -1.202917 
    11730.0000  -1.501251   0.300795  -1.200457 
    11760.0000  -1.497068   0.297965  -1.199103 
    11790.0000  -1.496568   0.298270  -1.198298 
    11820.0000  -1.500754   0.299822  -1.200932 
    11850.0000  -1.500808   0.300290  -1.200518 
    11880.0000  -1.497694   0.299041  -1.198653 
    11910.0000  -1.497151   0.299526  -1.197624 
    11940.0000  -1.499217   0.301749  -1.197469 
    11970.0000  -1.496554   0.300135  -1.196419 
    12000.0000  -1.498509   0.300883  -1.197626 
    12030.0000  -1.497118   0.301363  -1.195755 
    12060.0000  -1.497758   0.301463  -1.196295 
    12090.0000  -1.497067   0.300074  -1.196993 
    12120.0000  -1.497345   0.300996  -1.196349 
    12150.0000  -1.500183   0.302320  -1.197863 
    12180.0000  -1.496921   0.299172  -1.197749 
    12210.0000  -1.499641   0.302755  -1.196886 
    12240.0000  -1.496984   0.300056  -1.196928 
    12270.0000  -1.498276   0.302388  -1.195887 
    12300.0000  -1.498652   0.299194  -1.199458 
    12330.0000  -1.499446   0.301286  -1.198160 
    12360.0000  -1.498879   0.299648  -1.199231 
    12390.0000  -1.496475   0.299532  -1.196943 
    12420.0000  -1.497534   0.302413  -1.195121 
    12450.0000  -1.496361   0.299389  -1.196972 
    12480.0000  -1.497585   0.300631  -1.196954 
    12510.0000  -1.498231   0.301783  -1.196448 
    12540.0000  -1.497338   0.301097  -1.196241 
    12570.0000  -1.497900   0.299423  -1.198478 
    12600.0000  -1.497464   0.299422  -1.198043 
    12630.0000  -1.497964   0.301279  -1.196685 
    12660.0000  -1.498014   0.300981  -1.197032 
    12690.0000  -1.496385   0.299162  -1.197223 
    12720.0000  -1.496934   0.301299  -1.195635 
    12750.0000  -1.497357   0.301490  -1.195867 
    12780.0000  -1.497251   0.299475  -1.197776 
    12810.0000  -1.496895   0.301770  -1.195125 
    12840.0000  -1.495696   0.300695  -1.195001 
    12870.0000  -1.495502   0.300769  -1.194733 
    12900.0000  -1.495936   0.301331  -1.194605 
    12930.0000  -1.497043   0.300439  -1.196603 
    12960.0000  -1.494621   0.299267  -1.195354 
    12990.0000  -1.496548   0.301445  -1.195103 
    13020.0000  -1.496347   0.301063  -1.195283 
    13050.0000  -1.496810   0.302282  -1.194528 
    13080.0000  -1.494702   0.298623  -1.196080 
    13110.0000  -1.499366   0.301929  -1.197436 
    13140.0000  -1.496742   0.300743  -1.195999 
    13170.0000  -1.499989   0.302075  -1.197914 
    13200.0000  -1.498138   0.301057  -1.197081 
    13230.0000  -1.498191   0.301590  -1.196601 
    13260.0000  -1.496809   0.301592  -1.195217 
    13290.0000  -1.497906   0.300981  -1.196925 
    13320.0000  -1.496559   0.302875  -1.193684 
    13350.0000  -1.495085   0.302568  -1.192517 
    13380.0000  -1.497929   0.303172  -1.194757 
    13410.0000  -1.499175   0.301592  -1.197583 
    13440.0000  -1.499990   0.298781  -1.201208 
    13470.0000  -1.497823   0.297509  -1.200314 
    13500.0000  -1.497923   0.299606  -1.198317 
    13530.0000  -1.501640   0.303103  -1.198536 
    13560.0000  -1.499711   0.299137  -1.200575 
    13590.0000  -1.500129   0.297878  -1.202251 
    13620.0000  -1.502655   0.301804  -1.200851 
    13650.0000  -1.501612   0.299992  -1.201620 
    13680.0000  -1.502741   0.301022  -1.201719 
    13710.0000  -1.500525   0.299507  -1.201018 
    13740.0000  -1.497409   0.299510  -1.197899 
    13770.0000  -1.495541   0.299157  -1.196384 
    13800.0000  -1.494318   0.300700  -1.193618 
    13830.0000  -1.497936   0.301752  -1.196184 
    13860.0000  -1.496780   0.299590  -1.197191 
    13890.0000  -1.497915   0.300176  -1.197739 
    13920.0000  -1.499483   0.299899  -1.199584 
    13950.0000  -1.498152   0.299204  -1.198947 
    13980.0000  -1.500097   0.300974  -1.199123 
    14010.0000  -1.500056   0.298642  -1.201414 
    14040.0000  -1.499041   0.298278  -1.200763 
    14070.0000  -1.499039   0.300892  -1.198148 
    14100.0000  -1.499892   0.302337  -1.197556 
    14130.0000  -1.498799   0.300637  -1.198163 
    14160.0000  -1.497860   0.297772  -1.200087 
    14190.0000  -1.500324   0.300565  -1.199759 
    14220.0000  -1.499615   0.299856  -1.199759 
    14250.0000  -1.499995   0.299989  -1.200006 
    14280.0000  -1.497930   0.300350  -1.197580 
    14310.0000  -1.499022   0.300984  -1.198037 
    14340.0000  -1.495713   0.300920  -1.194793 
    14370.0000  -1.498205   0.301801  -1.196403 
    14400.0000  -1.497838   0.298277  -1.199561 
    14430.0000  -1.499769   0.301111  -1.198658 
    14460.0000  -1.498901   0.300445  -1.198457 
    14490.0000  -1.498394   0.299887  -1.198507 
    14520.0000  -1.497231   0.299341  -1.197890 
    14550.0000  -1.500113   0.301337  -1.198776 
    14580.0000  -1.499797   0.300943  -1.198854 
    14610.0000  -1.498748   0.300569  -1.198179 
    14640.0000  -1.499070   0.302506  -1.196564 
    14670.0000  -1.496602   0.300268  -1.196335 
    14700.0000  -1.496883   0.300668  -1.196215 
    14730.0000  -1.496985   0.301590  -1.195396 
    14760.0000  -1.495602   0.300486  -1.195116 
    14790.0000  -1.497647   0.301509  -1.196138 
    14820.0000  -1.494521   0.299207  -1.195313 
    14850.0000  -1.498585   0.303265  -1.195321 
    14880.0000  -1.499248   0.303012  -1.196236 
    14910.0000  -1.496770   0.301944  -1.194825 
    14940.0000  -1.497961   0.300797  -1.197164 
    14970.0000  -1.498203   0.298640  -1.199563 
    15000.0000  -1.499238   0.299680  -1.199558 
    15030.0000  -1.497397   0.300707  -1.196690 
    15060.0000  -1.497960   0.300879  -1.197081 
    15090.0000  -1.495882   0.301982  -1.193900 
    15120.0000  -1.498201   0.301662  -1.196539 
    15150.0000  -1.496327   0.300379  -1.195948 
    15180.0000  -1.498308   0.301729  -1.196579 
    15210.0000  -1.500182   0.300070  -1.200112 
    15240.0000  -1.499767   0.300368  -1.199399 
    15270.0000  -1.501235   0.302798  -1.198437 
    15300.0000  -1.498816   0.300765  -1.198052 
    15330.0000  -1.496948   0.300621  -1.196327 
    15360.0000  -1.499063   0.301852  -1.197211 
    15390.0000  -1.496976   0.301720  -1.195256 
    15420.0000  -1.496137   0.300134  -1.196003 
    15450.0000  -1.497226   0.302827  -1.194399 
    15480.0000  -1.496738   0.301722  -1.195016 
    15510.0000  -1.498392   0.300161  -1.198231 
    15540.0000  -1.498306   0.299509  -1.198796 
    15570.0000  -1.496245   0.298840  -1.197405 
    15600.0000  -1.496968   0.302679  -1.194289 
    15630.0000  -1.497687   0.301444  -1.196243 
    15660.0000  -1.499349   0.301096  -1.198253 
    15690.0000  -1.501652   0.300635  -1.201017 
    15720.0000  -1.499067   0.296886  -1.202181 
    15750.0000  -1.499872   0.300897  -1.198975 
    15780.0000  -1.501758   0.298804  -1.202954 
    15810.0000  -1.502642   0.298451  -1.204191 
    15840.0000  -1.498956   0.298240  -1.200716 
    15870.0000  -1.498748   0.299516  -1.199232 
    15900.0000  -1.499779   0.300595  -1.199184 
    15930.0000  -1.500580   0.299855  -1.200725 
    15960.0000  -1.502244   0.301578  -1.200666 
    15990.0000  -1.500024   0.298148  -1.201876 
    16020.0000  -1.497256   0.297462  -1.199794 
    16050.0000  -1.496538   0.298814  -1.197724 
    16080.0000  -1.497319   0.299748  -1.197571 
    16110.0000  -1.497962   0.300262  -1.197700 
    16140.0000  -1.496095   0.300245  -1.195851 
    16170.0000  -1.498195   0.301488  -1.196707 
    16200.0000  -1.499645   0.300698  -1.198947 
    16230.0000  -1.499144   0.299514  -1.199630 
    16260.0000  -1.499706   0.300005  -1.199701 
    16290.0000  -1.498971   0.301513  -1.197458 
    16320.0000  -1.497342   0.299515  -1.197827 
    16350.0000  -1.498834   0.299751  -1.199083 
    16380.0000  -1.496156   0.301361  -1.194794 
    16410.0000  -1.497536   0.299901  -1.197635 
    16440.0000  -1.499024   0.299463  -1.199562 
    16470.0000  -1.498300   0.299606  -1.198694 
    16500.0000  -1.496188   0.298117  -1.198071 
    16530.0000  -1.497134   0.300217  -1.196918 
    16560.0000  -1.498184   0.301743  -1.196441 
    16590.0000  -1.495755   0.299269  -1.196486 
    16620.0000  -1.499157   0.301117  -1.198040 
    16650.0000  -1.499850   0.301652  -1.198198 
    16680.0000  -1.498805   0.300403  -1.198401 
    16710.0000  -1.498051   0.298658  -1.199393 
    16740.0000  -1.499294   0.300523  -1.198771 
    16770.0000  -1.497886   0.302371  -1.195515 
    16800.0000  -1.497964   0.301541  -1.196423 
    16830.0000  -1.496990   0.300307  -1.196683 
    16860.0000  -1.500215   0.301279  -1.198936 
    16890.0000  -1.496710   0.301814  -1.194896 
    16920.0000  -1.495893   0.299569  -1.196324 
    16950.0000  -1.499852   0.302938  -1.196913 
    16980.0000  -1.498870   0.299923  -1.198947 
    17010.0000  -1.498298   0.298264  -1.200034 
    17040.0000  -1.501606   0.300730  -1.200876 
    17070.0000  -1.498254   0.299299  -1.198955 
    17100.0000  -1.497053   0.300138  -1.196915 
    17130.0000  -1.495760   0.297171  -1.198589 
    17160.0000  -1.498013   0.298606  -1.199408 
    17190.0000  -1.498521   0.298729  -1.199792 
    17220.0000  -1.499878   0.298324  -1.201554 
    17250.0000  -1.498321   0.299095  -1.199226 
    17280.0000  -1.501754   0.301242  -1.200512 
    17310.0000  -1.500307   0.299733  -1.200573 
    17340.0000  -1.498241   0.298527  -1.199714 
    17370.0000  -1.500093   0.298415  -1.201679 
    17400.0000  -1.500587   0.298961  -1.201626 
    17430.0000  -1.501599   0.298329  -1.203270 
    17460.0000  -1.500648   0.299512  -1.201136 
    17490.0000  -1.496791   0.299462  -1.197329 
    17520.0000  -1.498469   0.300598  -1.197871 
    17550.0000  -1.498917   0.300702  -1.198215 
    17580.0000  -1.498681   0.300021  -1.198660 
    17610.0000  -1.498279   0.299311  -1.198967 
    17640.0000  -1.498816   0.300288  -1.198528 
    17670.0000  -1.497948   0.300906  -1.197042 
    17700.0000  -1.496933   0.298377  -1.198555 
    17730.0000  -1.499398   0.301161  -1.198238 
    17760.0000  -1.499021   0.299883  -1.199138 
    17790.0000  -1.500903   0.301071  -1.199831 
    17820.0000  -1.500543   0.298257  -1.202286 
    17850.0000  -1.499101   0.298597  -1.200504 
    17880.0000  -1.500140   0.299437  -1.200703 
    17910.0000  -1.498168   0.301451  -1.196717 
    17940.0000  -1.498998   0.299869  -1.199130 
    17970.0000  -1.501132   0.299368  -1.201764 
    18000.0000  -1.498437   0.297769  -1.200669 
    18030.0000  -1.497300   0.298328  -1.198972 
    18060.0000  -1.499070   0.299068  -1.200002 
    18090.0000  -1.498194   0.298304  -1.199890 
    18120.0000  -1.499917   0.302013  -1.197905 
    18150.0000  -1.497772   0.298800  -1.198971 
    18180.0000  -1.498514   0.298648  -1.199866 
    18210.0000  -1.499414   0.299680  -1.199733 
    18240.0000  -1.500554   0.301394  -1.199160 
    18270.0000  -1.498620   0.300929  -1.197690 
    18300.0000  -1.496871   0.300095  -1.196776 
    18330.0000  -1.495736   0.301466  -1.194270 
    18360.0000  -1.495452   0.301675  -1.193777 
    18390.0000  -1.496634   0.299229  -1.197405 
    18420.0000  -1.498941   0.301502  -1.197439 
    18450.0000  -1.495916   0.300376  -1.195539 
    18480.0000  -1.498368   0.299735  -1.198633 
    18510.0000  -1.497083   0.299290  -1.197793 
    18540.0000  -1.497720   0.298948  -1.198772 
    18570.0000  -1.499574   0.299451  -1.200123 
    18600.0000  -1.499223   0.299891  -1.199332 
    18630.0000  -1.498502   0.298524  -1.199978 
    18660.0000  -1.499776   0.301527  -1.198248 
    18690.0000  -1.497820   0.300067  -1.197752 
    18720.0000  -1.500853   0.302273  -1.198580 
    18750.0000  -1.500580   0.300054  -1.200527 
    18780.0000  -1.499574   0.300561  -1.199014 
    18810.0000  -1.500206   0.298521  -1.201686 
    18840.0000  -1.497957   0.298698  -1.199259 
    18870.0000  -1.499838   0.300697  -1.199141 
    18900.0000  -1.497700   0.298170  -1.199530 
    18930.0000  -1.500044   0.300586  -1.199457 
    18960.0000  -1.502331   0.300692  -1.201639 
    18990.0000  -1.497389   0.299254  -1.198135 
    19020.0000  -1.497682   0.300546  -1.197136 
    19050.0000  -1.500333   0.302701  -1.197632 
    19080.0000  -1.498992   0.299673  -1.199319 
    19110.0000  -1.496041   0.298328  -1.197713 
    19140.0000  -1.497824   0.301001  -1.196823 
    19170.0000  -1.498168   0.298728  -1.199440 
    19200.0000  -1.502877   0.299513  -1.203363 
    19230.0000  -1.500833   0.296946  -1.203887 
    19260.0000  -1.502215   0.298799  -1.203416 
    19290.0000  -1.498833   0.296983  -1.201850 
    19320.0000  -1.500894   0.299350  -1.201544 
    19350.0000  -1.501788   0.299784  -1.202004 
    19380.0000  -1.501390   0.298986  -1.202404 
    19410.0000  -1.499056   0.298951  -1.200105 
    19440.0000  -1.500118   0.299702  -1.200416 
    19470.0000  -1.499985   0.300127  -1.199859 
    19500.0000  -1.498842   0.299973  -1.198868 
    19530.0000  -1.499352   0.301285  -1.198067 
    19560.0000  -1.499679   0.298129  -1.201550 
    19590.0000  -1.500593   0.298606  -1.201987 
    19620.0000  -1.498818   0.300490  -1.198327 
    19650.0000  -1.497270   0.301610  -1.195660 
    19680.0000  -1.497220   0.301904  -1.195316 
    19710.0000  -1.496201   0.298177  -1.198024 
    19740.0000  -1.498712   0.300712  -1.198001 
    19770.0000  -1.497426   0.300585  -1.196840 
    19800.0000  -1.498748   0.300199  -1.198550 
    19830.0000  -1.500792   0.300736  -1.200056 
    19860.0000  -1.499199   0.299446  -1.199753 
    19890.0000  -1.499426   0.300512  -1.198914 
    19920.0000  -1.495855   0.299039  -1.196816 
    19950.0000  -1.496517   0.301414  -1.195103 
    19980.0000  -1.498370   0.301180  -1.197190 
    20010.0000  -1.493573   0.299170  -1.194403 
    20040.0000  -1.496986   0.304021  -1.192965 
    20070.0000  -1.492703   0.298886  -1.193817 
    20100.0000  -1.498727   0.300753  -1.197974 
    20130.0000  -1.499537   0.300246  -1.199291 
    20160.0000  -1.498876   0.299450  -1.199426 
    20190.0000  -1.497525   0.299103  -1.198422 
    20220.0000  -1.498235   0.300482  -1.197753 
    20250.0000  -1.500120   0.299862  -1.200259 
    20280.0000  -1.498349   0.297717  -1.200632 
    20310.0000  -1.498188   0.300984  -1.197204 
    20340.0000  -1.498544   0.301260  -1.197284 
    20370.0000  -1.497127   0.299393  -1.197735 
    20400.0000  -1.498490   0.299932  -1.198558 
    20430.0000  -1.498572   0.300077  -1.198496 
    20460.0000  -1.497342   0.301954  -1.195388 
    20490.0000  -1.499374   0.301349  -1.198024 
    20520.0000  -1.498865   0.300112  -1.198753 
    20550.0000  -1.500391   0.301179  -1.199212 
    20580.0000  -1.499742   0.299321  -1.200421 
    20610.0000  -1.499311   0.299805  -1.199506 
    20640.0000  -1.500320   0.298900  -1.201420 
    20670.0000  -1.498796   0.301182  -1.197614 
    20700.0000  -1.499091   0.300711  -1.198380 
    20730.0000  -1.500928   0.302459  -1.198469 
    20760.0000  -1.498380   0.300420  -1.197959 
    20790.0000  -1.498592   0.298085  -1.200507 
    20820.0000  -1.501012   0.301794  -1.199217 
    20850.0000  -1.499090   0.300710  -1.198380 
    20880.0000  -1.497440   0.297365  -1.200075 
    20910.0000  -1.501471   0.302180  -1.199291 
    20940.0000  -1.498025   0.298752  -1.199273 
    20970.0000  -1.500145   0.298657  -1.201489 
    21000.0000  -1.499383   0.299099  -1.200283 
    21030.0000  -1.499637   0.298175  -1.201462 
    21060.0000  -1.497317   0.298974  -1.198343 
    21090.0000  -1.498312   0.299890  -1.198422 
    21120.0000  -1.496276   0.300098  -1.196178 
    21150.0000  -1.495164   0.301481  -1.193683 
    21180.0000  -1.498619   0.302629  -1.195990 
    21210.0000  -1.497681   0.302356  -1.195326 
    21240.0000  -1.498693   0.300989  -1.197704 
    21270.0000  -1.497527   0.300767  -1.196760 
    21300.0000  -1.498370   0.300618  -1.197752 
    21330.0000  -1.498681   0.298951  -1.199730 
    21360.0000  -1.498317   0.298842  -1.199475 
    21390.0000  -1.496669   0.298924  -1.197745 
    21420.0000  -1.494763   0.299529  -1.195234 
    21450.0000  -1.498462   0.303429  -1.195034 
    21480.0000  -1.496344   0.299943  -1.196400 
    21510.0000  -1.499605   0.298864  -1.200741 
    21540.0000  -1.499431   0.298262  -1.201169 
    21570.0000  -1.498879   0.299585  -1.199294 
    21600.0000  -1.498760   0.298616  -1.200144 
    21630.0000  -1.501596   0.301004  -1.200592 
    21660.0000  -1.498117   0.301173  -1.196943 
    21690.0000  -1.500080   0.302477  -1.197602 
    21720.0000  -1.497253   0.299464  -1.197790 
    21750.0000  -1.497703   0.299509  -1.198194 
    21780.0000  -1.500359   0.301459  -1.198900 
    21810.0000  -1.499189   0.300578  -1.198611 
    21840.0000  -1.498906   0.300453  -1.198452 
    21870.0000  -1.498891   0.298998  -1.199892 
    21900.0000  -1.499602   0.302815  -1.196787 
    21930.0000  -1.496976   0.300747  -1.196229 
    21960.0000  -1.496727   0.301081  -1.195645 
    21990.0000  -1.497364   0.300040  -1.197324 
    22020.0000  -1.496517   0.299656  -1.196861 
    22050.0000  -1.495838   0.299629  -1.196209 
    22080.0000  -1.496059   0.301420  -1.194639 
    22110.0000  -1.494436   0.302643  -1.191793 
    22140.0000  -1.496521   0.302275  -1.194247 
    22170.0000  -1.496951   0.301555  -1.195396 
    22200.0000  -1.499229   0.303531  -1.195698 
    22230.0000  -1.496908   0.302989  -1.193919 
    22260.0000  -1.495585   0.300866  -1.194719 
    22290.0000  -1.497607   0.301560  -1.196046 
    22320.0000  -1.498567   0.301953  -1.196614 
    22350.0000  -1.499254   0.301562  -1.197692 
    22380.0000  -1.497778   0.302664  -1.195114 
    22410.0000  -1.495528   0.302800  -1.192728 
    22440.0000  -1.494943   0.301317  -1.193626 
    22470.0000  -1.497390   0.301519  -1.195871 
    22500.0000  -1.498158   0.302868  -1.195289 
    22530.0000  -1.498240   0.300154  -1.198086 
    22560.0000  -1.497578   0.301001  -1.196577 
    22590.0000  -1.500184   0.301135  -1.199049 
    22620.0000  -1.499257   0.299893  -1.199364 
    22650.0000  -1.495917   0.297352  -1.198565 
    22680.0000  -1.495883   0.300421  -1.195462 
    22710.0000  -1.495003   0.300148  -1.194856 
    22740.0000  -1.498372   0.300041  -1.198331 
    22770.0000  -1.499007   0.301175  -1.197832 
    22800.0000  -1.497412   0.301651  -1.195761 
    22830.0000  -1.494053   0.300693  -1.193359 
    22860.0000  -1.497307   0.300458  -1.196849 
    22890.0000  -1.495520   0.299343  -1.196177 
    22920.0000  -1.497954   0.301589  -1.196365 
    22950.0000  -1.500041   0.299493  -1.200548 
    22980.0000  -1.500824   0.300027  -1.200798 
    23010.0000  -1.500006   0.300357  -1.199649 
    23040.0000  -1.498055   0.300729  -1.197326 
    23070.0000  -1.499273   0.300272  -1.199002 
    23100.0000  -1.497444   0.297846  -1.199598 
    23130.0000  -1.498584   0.300396  -1.198188 
    23160.0000  -1.498527   0.301969  -1.196558 
    23190.0000  -1.497459   0.301826  -1.195633 
    23220.0000  -1.495422   0.300100  -1.195322 
    23250.0000  -1.498662   0.300484  -1.198178 
    23280.0000  -1.496186   0.297075  -1.199110 
    23310.0000  -1.497278   0.300711  -1.196567 
    23340.0000  -1.499744   0.301266  -1.198478 
    23370.0000  -1.498843   0.300386  -1.198457 
    23400.0000  -1.498200   0.299588  -1.198612 
    23430.0000  -1.500227   0.300228  -1.200000 
    23460.0000  -1.499656   0.299768  -1.199887 
    23490.0000  -1.499716   0.299977  -1.199739 
    23520.0000  -1.499257   0.299500  -1.199757 
    23550.0000  -1.500679   0.299106  -1.201573 
    23580.0000  -1.497692   0.301179  -1.196513 
    23610.0000  -1.495721   0.300758  -1.194963 
    23640.0000  -1.495326   0.300814  -1.194512 
    23670.0000  -1.498152   0.302444  -1.195708 
    23700.0000  -1.496806   0.299245  -1.197561 
    23730.0000  -1.500251   0.300725  -1.199525 
    23760.0000  -1.498709   0.300456  -1.198253 
    23790.0000  -1.498250   0.298505  -1.199745 
    23820.0000  -1.499919   0.297689  -1.202230 
    23850.0000  -1.498306   0.297715  -1.200592 
    23880.0000  -1.497711   0.301096  -1.196615 
    23910.0000  -1.499237   0.301611  -1.197626 
    23940.0000  -1.499259   0.300336  -1.198923 
    23970.0000  -1.499057   0.299604  -1.199453 
    24000.0000  -1.500322   0.303032  -1.197289 
    24030.0000  -1.499206   0.302240  -1.196967 
    24060.0000  -1.500226   0.301443  -1.198783 
    24090.0000  -1.499088   0.299426  -1.199662 
    24120.0000  -1.497146   0.300486  -1.196661 
    24150.0000  -1.497961   0.302473  -1.195488 
    24180.0000  -1.500510   0.300137  -1.200373 
    24210.0000  -1.499984   0.298740  -1.201244 
    24240.0000  -1.497635   0.298207  -1.199428 
    24270.0000  -1.497664   0.299703  -1.197961 
    24300.0000  -1.497885   0.297989  -1.199896 
    24330.0000  -1.498556   0.298783  -1.199773 
    24360.0000  -1.498207   0.298217  -1.199990 
    24390.0000  -1.500473   0.297969  -1.202504 
    24420.0000  -1.501020   0.299438  -1.201582 
    24450.0000  -1.498761   0.298332  -1.200429 
    24480.0000  -1.495388   0.300903  -1.194485 
    24510.0000  -1.495360   0.300313  -1.195048 
    24540.0000  -1.495566   0.301396  -1.194170 
    24570.0000  -1.497904   0.303456  -1.194448 
    24600.0000  -1.495825   0.300293  -1.195532 
    24630.0000  -1.496943   0.302932  -1.194011 
    24660.0000  -1.496731   0.300877  -1.195854 
    24690.0000  -1.497649   0.300392  -1.197257 
    24720.0000  -1.496409   0.300155  -1.196255 
    24750.0000  -1.494688   0.299984  -1.194704 
    24780.0000  -1.496026   0.300486  -1.195540 
    24810.0000  -1.495886   0.302463  -1.193423 
    24840.0000  -1.496135   0.300261  -1.195874 
    24870.0000  -1.498501   0.300074  -1.198427 
    24900.0000  -1.497990   0.299124  -1.198866 
    24930.0000  -1.498385   0.301021  -1.197364 
    24960.0000  -1.497004   0.300882  -1.196122 
    24990.0000  -1.498360   0.301628  -1.196733 
    25020.0000  -1.496473   0.301153  -1.195320 
    25050.0000  -1.497941   0.301601  -1.196340 
    25080.0000  -1.494583   0.299174  -1.195409 
    25110.0000  -1.498187   0.299513  -1.198674 
    25140.0000  -1.498288   0.300163  -1.198125 
    25170.0000  -1.498822   0.300393  -1.198429 
    25200.0000  -1.497975   0.297555  -1.200420 
    25230.0000  -1.499842   0.301672  -1.198170 
    25260.0000  -1.497301   0.301633  -1.195668 
    25290.0000  -1.495769   0.300385  -1.195384 
    25320.0000  -1.498392   0.301254  -1.197138 
    25350.0000  -1.499111   0.302664  -1.196448 
    25380.0000  -1.497012   0.302002  -1.195010 
    25410.0000  -1.495231   0.299093  -1.196138 
    25440.0000  -1.495702   0.298391  -1.197311 
    25470.0000  -1.496405   0.300006  -1.196400 
    25500.0000  -1.497695   0.301579  -1.196117 
    25530.0000  -1.498511   0.300846  -1.197666 
    25560.0000  -1.502373   0.301643  -1.200730 
    25590.0000  -1.498944   0.299054  -1.199890 
    25620.0000  -1.501089   0.300547  -1.200542 
    25650.0000  -1.499082   0.299246  -1.199836 
    25680.0000  -1.498584   0.298083  -1.200502 
    25710.0000  -1.499512   0.298466  -1.201046 
    25740.0000  -1.499129   0.298779  -1.200350 
    25770.0000  -1.500105   0.302243  -1.197862 
    25800.0000  -1.498015   0.298710  -1.199305 
    25830.0000  -1.501227   0.298673  -1.202554 
    25860.0000  -1.499992   0.299144  -1.200848 
    25890.0000  -1.499646   0.299538  -1.200109 
    25920.0000  -1.501052   0.301797  -1.199256 
    25950.0000  -1.497166   0.300241  -1.196925 
    25980.0000  -1.496206   0.298989  -1.197217 
    26010.0000  -1.498058   0.301039  -1.197019 
    26040.0000  -1.499134   0.301688  -1.197446 
    26070.0000  -1.497295   0.298251  -1.199044 
    26100.0000  -1.499384   0.300814  -1.198570 
    26130.0000  -1.498494   0.301749  -1.196744 
    26160.0000  -1.495632   0.300384  -1.195248 
    26190.0000  -1.496256   0.300779  -1.195477 
    26220.0000  -1.499363   0.300634  -1.198729 
    26250.0000  -1.499537   0.300574  -1.198963 
    26280.0000  -1.501798   0.299963  -1.201835 
    26310.0000  -1.501017   0.299349  -1.201668 
    26340.0000  -1.502002   0.299110  -1.202892 
    26370.0000  -1.500845   0.300842  -1.200003 
    26400.0000  -1.498643   0.299444  -1.199200 
    26430.0000  -1.499733   0.300608  -1.199125 
    26460.0000  -1.497079   0.299166  -1.197913 
    26490.0000  -1.498007   0.300506  -1.197501 
    26520.0000  -1.499235   0.301462  -1.197774 
    26550.0000  -1.496696   0.299836  -1.196860 
    26580.0000  -1.498107   0.300026  -1.198081 
    26610.0000  -1.497911   0.301507  -1.196404 
    26640.0000  -1.498483   0.302174  -1.196309 
    26670.0000  -1.499025   0.302515  -1.196510 
    26700.0000  -1.496754   0.300623  -1.196131 
    26730.0000  -1.498588   0.302052  -1.196537 
    26760.0000  -1.497442   0.301481  -1.195961 
    26790.0000  -1.497763   0.300673  -1.197090 
    26820.0000  -1.495700   0.300998  -1.194702 
    26850.0000  -1.493820   0.300768  -1.193051 
    26880.0000  -1.495124   0.301934  -1.193189 
    26910.0000  -1.497938   0.302182  -1.195757 
    26940.0000  -1.498408   0.300771  -1.197637 
    26970.0000  -1.500192   0.300484  -1.199708 
    27000.0000  -1.498665   0.299610  -1.199054 
    27030.0000  -1.499444   0.300229  -1.199214 
    27060.0000  -1.499214   0.300897  -1.198317 
    27090.0000  -1.498489   0.302362  -1.196127 
    27120.0000  -1.497218   0.300017  -1.197201 
    27150.0000  -1.496979   0.300866  -1.196113 
    27180.0000  -1.497586   0.300660  -1.196925 
    27210.0000  -1.495788   0.298672  -1.197116 
    27240.0000  -1.498410   0.299922  -1.198488 
    27270.0000  -1.501001   0.301542  -1.199458 
    27300.0000  -1.501097   0.302584  -1.198513 
    27330.0000  -1.499157   0.300796  -1.198361 
    27360.0000  -1.496855   0.300994  -1.195861 
    27390.0000  -1.497386   0.301519  -1.195867 
    27420.0000  -1.498539   0.301344  -1.197195 
    27450.0000  -1.498348   0.301471  -1.196877 
    27480.0000  -1.496688   0.300733  -1.195955 
    27510.0000  -1.497245   0.301218  -1.196027 
    27540.0000  -1.498114   0.300305  -1.197809 
    27570.0000  -1.499065   0.300016  -1.199049 
    27600.0000  -1.498801   0.299979  -1.198821 
    27630.0000  -1.500121   0.300177  -1.199944 
    27660.0000  -1.500397   0.298666  -1.201731 
    27690.0000  -1.501404   0.298083  -1.203321 
    27720.0000  -1.498683   0.298255  -1.200428 
    27750.0000  -1.499140   0.299619  -1.199521 
    27780.0000  -1.499171   0.300901  -1.198269 
    27810.0000  -1.499726   0.301101  -1.198625 
    27840.0000  -1.499764   0.300132  -1.199633 
    27870.0000  -1.498620   0.299169  -1.199451 
    27900.0000  -1.496343   0.299240  -1.197103 
    27930.0000  -1.497619   0.299305  -1.198315 
    27960.0000  -1.497894   0.298880  -1.199014 
    27990.0000  -1.498111   0.301259  -1.196852 
    28020.0000  -1.499610   0.301291  -1.198319 
    28050.0000  -1.498073   0.299968  -1.198105 
    28080.0000  -1.497125   0.297403  -1.199722 
    28110.0000  -1.498574   0.299323  -1.199251 
    28140.0000  -1.499526   0.301476  -1.198050 
    28170.0000  -1.499152   0.300606  -1.198546 
    28200.0000  -1.495859   0.296950  -1.198909 
    28230.0000  -1.495787   0.300376  -1.195410 
    28260.0000  -1.497895   0.302398  -1.195498 
    28290.0000  -1.499276   0.300794  -1.198482 
    28320.0000  -1.497290   0.297099  -1.200191 
    28350.0000  -1.497801   0.299253  -1.198547 
    28380.0000  -1.501122   0.300924  -1.200198 
    28410.0000  -1.498379   0.297814  -1.200565 
    28440.0000  -1.498712   0.298162  -1.200550 
    28470.0000  -1.498934   0.302404  -1.196530 
    28500.0000  -1.494074   0.299677  -1.194397 
    28530.0000  -1.496229   0.301244  -1.194985 
    28560.0000  -1.497473   0.298928  -1.198545 
    28590.0000  -1.499145   0.300380  -1.198765 
    28620.0000  -1.497185   0.301154  -1.196031 
    28650.0000  -1.497811   0.301872  -1.195939 
    28680.0000  -1.498099   0.299561  -1.198538 
    28710.0000  -1.496995   0.299580  -1.197415 
    28740.0000  -1.498348   0.299526  -1.198821 
    28770.0000  -1.497842   0.301169  -1.196673 
    28800.0000  -1.499469   0.302332  -1.197137 
    28830.0000  -1.495531   0.299895  -1.195636 
    28860.0000  -1.496081   0.299361  -1.196721 
    28890.0000  -1.498098   0.303725  -1.194373 
    28920.0000  -1.500436   0.302888  -1.197548 
    28950.0000  -1.499490   0.301029  -1.198461 
    28980.0000  -1.499601   0.300263  -1.199338 
    29010.0000  -1.498579   0.299875  -1.198704 
    29040.0000  -1.500240   0.299410  -1.200830 
    29070.0000  -1.499788   0.300602  -1.199185 
    29100.0000  -1.497665   0.301137  -1.196528 
    29130.0000  -1.497830   0.300223  -1.197607 
    29160.0000  -1.497575   0.299590  -1.197986 
    29190.0000  -1.498454   0.300858  -1.197596 
    29220.0000  -1.497046   0.298764  -1.198282 
    29250.0000  -1.499710   0.301716  -1.197995 
    29280.0000  -1.499217   0.297859  -1.201359 
    29310.0000  -1.499520   0.300911  -1.198609 
    29340.0000  -1.498925   0.299821  -1.199104 
    29370.0000  -1.499451   0.300401  -1.199050 
    29400.0000  -1.498064   0.301176  -1.196888 
    29430.0000  -1.498159   0.300052  -1.198107 
    29460.0000  -1.497217   0.299628  -1.197589 
    29490.0000  -1.496837   0.298414  -1.198422 
    29520.0000  -1.501443   0.300951  -1.200492 
    29550.0000  -1.501631   0.299905  -1.201726 
    29580.0000  -1.498445   0.297881  -1.200563 
    29610.0000  -1.497440   0.299217  -1.198222 
    29640.0000  -1.497903   0.301571  -1.196332 
    29670.0000  -1.496580   0.300815  -1.195765 
    29700.0000  -1.497861   0.302475  -1.195386 
    29730.0000  -1.498455   0.299729  -1.198726 
    29760.0000  -1.496387   0.299362  -1.197025 
    29790.0000  -1.497870   0.300260  -1.197609 
    29820.0000  -1.499650   0.300643  -1.199007 
    29850.0000  -1.499400   0.300691  -1.198709 
    29880.0000  -1.499791   0.299361  -1.200430 
    29910.0000  -1.500940   0.298100  -1.202840 
    29940.0000  -1.501599   0.299989  -1.201610 
    29970.0000  -1.501105   0.298662  -1.202443 
    30000.0000  -1.499381   0.299186  -1.200195 
