        0.0000  -1.499293   0.302448  -1.196846 
       30.0000  -1.497699   0.299325  -1.198374 
       60.0000  -1.498092   0.298875  -1.199217 
       90.0000  -1.499143   0.301650  -1.197493 
      120.0000  -1.498583   0.300176  -1.198407 
      150.0000  -1.500293   0.301098  -1.199196 
      180.0000  -1.498921   0.300784  -1.198137 
      210.0000  -1.498277   0.301002  -1.197275 
      240.0000  -1.496956   0.301302  -1.195653 
      270.0000  -1.499935   0.300803  -1.199131 
      300.0000  -1.500717   0.300879  -1.199837 
      330.0000  -1.497950   0.299383  -1.198567 
      360.0000  -1.500132   0.300966  -1.199166 
      390.0000  -1.499788   0.301553  -1.198234 
      420.0000  -1.501310   0.301758  -1.199551 
      450.0000  -1.499342   0.302437  -1.196905 
      480.0000  -1.499820   0.300510  -1.199310 
      510.0000  -1.497720   0.298411  -1.199310 
      540.0000  -1.500857   0.300483  -1.200374 
      570.0000  -1.497624   0.301186  -1.196438 
      600.0000  -1.497787   0.300485  -1.197302 
      630.0000  -1.497850   0.302107  -1.195743 
      660.0000  -1.497596   0.300308  -1.197288 
      690.0000  -1.498932   0.299273  -1.199658 
      720.0000  -1.498983   0.300809  -1.198175 
      750.0000  -1.499814   0.299488  -1.200326 
      780.0000  -1.500261   0.300033  -1.200228 
      810.0000  -1.500914   0.300374  -1.200540 
      840.0000  -1.496304   0.298947  -1.197357 
      870.0000  -1.498919   0.299597  -1.199322 
      900.0000  -1.497582   0.299245  -1.198337 
      930.0000  -1.498066   0.300133  -1.197932 
      960.0000  -1.498937   0.301910  -1.197027 
      990.0000  -1.499723   0.302374  -1.197349 
     1020.0000  -1.496290   0.300218  -1.196072 
     1050.0000  -1.499118   0.303021  -1.196097 
     1080.0000  -1.495505   0.299995  -1.195511 
     1110.0000  -1.497908   0.300824  -1.197084 
     1140.0000  -1.497560   0.301939  -1.195621 
     1170.0000  -1.497982   0.302746  -1.195236 
     1200.0000  -1.497763   0.302190  -1.195574 
     1230.0000  -1.498019   0.299828  -1.198191 
     1260.0000  -1.498112   0.302186  -1.195925 
     1290.0000  -1.496495   0.300035  -1.196460 
     1320.0000  -1.499454   0.300496  -1.198958 
     1350.0000  -1.498368   0.298368  -1.200000 
     1380.0000  -1.498356   0.298890  -1.199467 
     1410.0000  -1.500478   0.299312  -1.201166 
     1440.0000  -1.498765   0.298700  -1.200065 
     1470.0000  -1.498906   0.297966  -1.200940 
     1500.0000  -1.500386   0.298111  -1.202275 
     1530.0000  -1.501140   0.298722  -1.202418 
     1560.0000  -1.498904   0.299549  -1.199355 
     1590.0000  -1.500453   0.301946  -1.198507 
     1620.0000  -1.502370   0.300228  -1.202141 
     1650.0000  -1.501053   0.299106  -1.201946 
     1680.0000  -1.498942   0.300714  -1.198228 
     1710.0000  -1.498976   0.301260  -1.197716 
     1740.0000  -1.498608   0.301745  -1.196863 
     1770.0000  -1.497716   0.299382  -1.198334 
     1800.0000  -1.500861   0.301583  -1.199279 
     1830.0000  -1.499495   0.301646  -1.197849 
     1860.0000  -1.496891   0.299897  -1.196993 
     1890.0000  -1.500063   0.301308  -1.198755 
     1920.0000  -1.501493   0.299871  -1.201622 
     1950.0000  -1.501658   0.299356  -1.202302 
     1980.0000  -1.498974   0.301459  -1.197515 
     2010.0000  -1.498597   0.301284  -1.197313 
     2040.0000  -1.496970   0.302576  -1.194394 
     2070.0000  -1.495920   0.300157  -1.195763 
     2100.0000  -1.498961   0.302758  -1.196203 
     2130.0000  -1.500637   0.302042  -1.198595 
     2160.0000  -1.499476   0.301089  -1.198387 
     2190.0000  -1.501369   0.300840  -1.200529 
     2220.0000  -1.500468   0.300208  -1.200259 
     2250.0000  -1.500912   0.297448  -1.203464 
     2280.0000  -1.499019   0.297717  -1.201303 
     2310.0000  -1.499774   0.298556  -1.201218 
     2340.0000  -1.500573   0.300822  -1.199751 
     2370.0000  -1.499311   0.301809  -1.197502 
     2400.0000  -1.497906   0.299714  -1.198192 
     2430.0000  -1.499767   0.299889  -1.199878 
     2460.0000  -1.501888   0.300371  -1.201517 
     2490.0000  -1.498378   0.301361  -1.197018 
     2520.0000  -1.496352   0.298812  -1.197540 
     2550.0000  -1.499256   0.301370  -1.197886 
     2580.0000  -1.498754   0.299373  -1.199381 
     2610.0000  -1.500174   0.301124  -1.199051 
     2640.0000  -1.499896   0.301582  -1.198315 
     2670.0000  -1.498680   0.298147  -1.200533 
     2700.0000  -1.500912   0.298803  -1.202109 
     2730.0000  -1.499080   0.301144  -1.197936 
     2760.0000  -1.497393   0.301983  -1.195410 
     2790.0000  -1.496648   0.299585  -1.197063 
     2820.0000  -1.495782   0.299259  -1.196523 
     2850.0000  -1.497106   0.300644  -1.196462 
     2880.0000  -1.499638   0.300874  -1.198763 
     2910.0000  -1.499288   0.298734  -1.200554 
     2940.0000  -1.498518   0.300782  -1.197736 
     2970.0000  -1.500129   0.299824  -1.200304 
     3000.0000  -1.499341   0.299179  -1.200162 
     3030.0000  -1.501135   0.299913  -1.201223 
     3060.0000  -1.499717   0.300085  -1.199633 
     3090.0000  -1.497926   0.298719  -1.199207 
     3120.0000  -1.500179   0.300219  -1.199960 
     3150.0000  -1.499687   0.301941  -1.197746 
     3180.0000  -1.498519   0.299864  -1.198655 
     3210.0000  -1.500264   0.301637  -1.198627 
     3240.0000  -1.496369   0.299060  -1.197309 
     3270.0000  -1.500050   0.300624  -1.199427 
     3300.0000  -1.499095   0.300175  -1.198921 
     3330.0000  -1.498894   0.301419  -1.197475 
     3360.0000  -1.500145   0.301401  -1.198744 
     3390.0000  -1.500211   0.299591  -1.200620 
     3420.0000  -1.498916   0.298852  -1.200064 
     3450.0000  -1.498393   0.301530  -1.196863 
     3480.0000  -1.497181   0.301869  -1.195312 
     3510.0000  -1.498100   0.301636  -1.196464 
     3540.0000  -1.499257   0.301272  -1.197985 
     3570.0000  -1.499764   0.301344  -1.198420 
     3600.0000  -1.498597   0.303008  -1.195589 
     3630.0000  -1.497857   0.301059  -1.196798 
     3660.0000  -1.499840   0.300662  -1.199178 
     3690.0000  -1.498753   0.298041  -1.200712 
     3720.0000  -1.500915   0.300939  -1.199976 
     3750.0000  -1.500794   0.300377  -1.200417 
     3780.0000  -1.498412   0.299478  -1.198934 
     3810.0000  -1.500332   0.302250  -1.198082 
     3840.0000  -1.499640   0.299732  -1.199907 
     3870.0000  -1.499637   0.300962  -1.198675 
     3900.0000  -1.497825   0.298444  -1.199381 
     3930.0000  -1.501311   0.300427  -1.200883 
     3960.0000  -1.501906   0.299995  -1.201910 
     3990.0000  -1.499847   0.300370  -1.199477 
     4020.0000  -1.500153   0.300538  -1.199615 
     4050.0000  -1.500338   0.299074  -1.201264 
     4080.0000  -1.499253   0.298697  -1.200556 
     4110.0000  -1.500060   0.302881  -1.197179 
     4140.0000  -1.498209   0.302928  -1.195281 
     4170.0000  -1.497595   0.301072  -1.196522 
     4200.0000  -1.501231   0.302962  -1.198268 
     4230.0000  -1.497950   0.300547  -1.197403 
     4260.0000  -1.498551   0.302705  -1.195846 
     4290.0000  -1.497194   0.300461  -1.196733 
     4320.0000  -1.499396   0.302610  -1.196786 
     4350.0000  -1.497239   0.300367  -1.196872 
     4380.0000  -1.497808   0.298757  -1.199051 
     4410.0000  -1.497302   0.298688  -1.198614 
     4440.0000  -1.497667   0.300890  -1.196778 
     4470.0000  -1.501062   0.301354  -1.199708 
     4500.0000  -1.498783   0.301109  -1.197675 
     4530.0000  -1.497596   0.300945  -1.196651 
     4560.0000  -1.499221   0.301020  -1.198201 
     4590.0000  -1.500373   0.300348  -1.200024 
     4620.0000  -1.496429   0.299687  -1.196742 
     4650.0000  -1.501070   0.301766  -1.199305 
     4680.0000  -1.500234   0.299020  -1.201214 
     4710.0000  -1.498713   0.298394  -1.200319 
     4740.0000  -1.497363   0.301081  -1.196282 
     4770.0000  -1.498948   0.302267  -1.196681 
     4800.0000  -1.500071   0.301551  -1.198521 
     4830.0000  -1.497483   0.300605  -1.196878 
     4860.0000  -1.498926   0.300447  -1.198480 
     4890.0000  -1.500462   0.302264  -1.198198 
     4920.0000  -1.496207   0.298372  -1.197835 
     4950.0000  -1.498712   0.300583  -1.198129 
     4980.0000  -1.502794   0.302794  -1.200000 
     5010.0000  -1.499538   0.296978  -1.202561 
     5040.0000  -1.503415   0.300724  -1.202691 
     5070.0000  -1.500763   0.297804  -1.202959 
     5100.0000  -1.500200   0.297777  -1.202423 
     5130.0000  -1.503240   0.299507  -1.203733 
     5160.0000  -1.500925   0.298682  -1.202243 
     5190.0000  -1.499949   0.299460  -1.200489 
     5220.0000  -1.498824   0.301571  -1.197253 
     5250.0000  -1.497501   0.300110  -1.197391 
     5280.0000  -1.498268   0.300353  -1.197915 
     5310.0000  -1.496997   0.299813  -1.197184 
     5340.0000  -1.501266   0.301165  -1.200101 
     5370.0000  -1.501366   0.300908  -1.200458 
     5400.0000  -1.498765   0.299279  -1.199486 
     5430.0000  -1.501242   0.300705  -1.200537 
     5460.0000  -1.498760   0.300127  -1.198633 
     5490.0000  -1.500244   0.301030  -1.199213 
     5520.0000  -1.497309   0.298939  -1.198370 
     5550.0000  -1.495309   0.299347  -1.195961 
     5580.0000  -1.497651   0.302110  -1.195541 
     5610.0000  -1.496000   0.301681  -1.194319 
     5640.0000  -1.496910   0.300850  -1.196060 
     5670.0000  -1.497959   0.299905  -1.198054 
     5700.0000  -1.499265   0.299576  -1.199689 
     5730.0000  -1.499303   0.300326  -1.198978 
     5760.0000  -1.498608   0.299856  -1.198752 
     5790.0000  -1.501278   0.300645  -1.200632 
     5820.0000  -1.500438   0.301041  -1.199397 
     5850.0000  -1.501638   0.300908  -1.200730 
     5880.0000  -1.500977   0.300113  -1.200865 
     5910.0000  -1.501635   0.301473  -1.200161 
     5940.0000  -1.502229   0.300144  -1.202085 
     5970.0000  -1.500053   0.298905  -1.201148 
     6000.0000  -1.499106   0.299044  -1.200061 
     6030.0000  -1.496844   0.300537  -1.196308 
     6060.0000  -1.499137   0.300855  -1.198281 
     6090.0000  -1.499714   0.300727  -1.198987 
     6120.0000  -1.498226   0.300660  -1.197566 
     6150.0000  -1.495539   0.301967  -1.193572 
     6180.0000  -1.500682   0.305142  -1.195540 
     6210.0000  -1.497171   0.300015  -1.197157 
     6240.0000  -1.499800   0.299636  -1.200164 
     6270.0000  -1.498967   0.299839  -1.199128 
     6300.0000  -1.498283   0.300882  -1.197400 
     6330.0000  -1.496881   0.300518  -1.196363 
     6360.0000  -1.498430   0.301919  -1.196510 
     6390.0000  -1.498205   0.301923  -1.196282 
     6420.0000  -1.497870   0.299448  -1.198422 
     6450.0000  -1.499342   0.299999  -1.199343 
     6480.0000  -1.498881   0.300717  -1.198164 
     6510.0000  -1.500079   0.299830  -1.200249 
     6540.0000  -1.500932   0.300114  -1.200818 
     6570.0000  -1.500638   0.301328  -1.199310 
     6600.0000  -1.498120   0.298047  -1.200073 
     6630.0000  -1.499351   0.298911  -1.200440 
     6660.0000  -1.497544   0.299983  -1.197561 
     6690.0000  -1.498494   0.300445  -1.198049 
     6720.0000  -1.498608   0.299154  -1.199454 
     6750.0000  -1.499362   0.298133  -1.201229 
     6780.0000  -1.501622   0.299699  -1.201923 
     6810.0000  -1.500111   0.297688  -1.202423 
     6840.0000  -1.499542   0.297622  -1.201920 
     6870.0000  -1.500308   0.300914  -1.199394 
     6900.0000  -1.498680   0.298000  -1.200680 
     6930.0000  -1.501085   0.300836  -1.200250 
     6960.0000  -1.499484   0.296375  -1.203109 
     6990.0000  -1.500141   0.298461  -1.201680 
     7020.0000  -1.499043   0.298523  -1.200521 
     7050.0000  -1.498890   0.298709  -1.200181 
     7080.0000  -1.499590   0.299812  -1.199778 
     7110.0000  -1.498712   0.299519  -1.199193 
     7140.0000  -1.498530   0.298778  -1.199752 
     7170.0000  -1.499198   0.298493  -1.200705 
     7200.0000  -1.499443   0.300552  -1.198891 
     7230.0000  -1.500430   0.302924  -1.197505 
     7260.0000  -1.501575   0.299651  -1.201924 
     7290.0000  -1.501985   0.298288  -1.203697 
     7320.0000  -1.502007   0.299245  -1.202762 
     7350.0000  -1.499462   0.296679  -1.202783 
     7380.0000  -1.502536   0.299177  -1.203359 
     7410.0000  -1.501325   0.298355  -1.202969 
     7440.0000  -1.501260   0.300000  -1.201260 
     7470.0000  -1.499946   0.301369  -1.198577 
     7500.0000  -1.499564   0.299661  -1.199903 
     7530.0000  -1.499472   0.300889  -1.198584 
     7560.0000  -1.498751   0.301497  -1.197253 
     7590.0000  -1.499120   0.301827  -1.197292 
     7620.0000  -1.498732   0.301006  -1.197726 
     7650.0000  -1.497095   0.300505  -1.196590 
     7680.0000  -1.496929   0.300018  -1.196912 
     7710.0000  -1.496867   0.299601  -1.197266 
     7740.0000  -1.500056   0.299569  -1.200487 
     7770.0000  -1.496747   0.298003  -1.198744 
     7800.0000  -1.499023   0.299851  -1.199173 
     7830.0000  -1.497741   0.299422  -1.198319 
     7860.0000  -1.499464   0.298085  -1.201379 
     7890.0000  -1.498028   0.296659  -1.201369 
     7920.0000  -1.497782   0.298701  -1.199081 
     7950.0000  -1.499163   0.299101  -1.200062 
     7980.0000  -1.500720   0.300585  -1.200135 
     8010.0000  -1.501668   0.299822  -1.201845 
     8040.0000  -1.500892   0.301458  -1.199435 
     8070.0000  -1.501202   0.300351  -1.200850 
     8100.0000  -1.501221   0.301378  -1.199843 
     8130.0000  -1.499500   0.299329  -1.200171 
     8160.0000  -1.498402   0.299872  -1.198530 
     8190.0000  -1.498607   0.298839  -1.199769 
     8220.0000  -1.499467   0.298786  -1.200681 
     8250.0000  -1.498829   0.299438  -1.199392 
     8280.0000  -1.496933   0.300761  -1.196172 
     8310.0000  -1.495601   0.299635  -1.195966 
     8340.0000  -1.499593   0.302185  -1.197407 
     8370.0000  -1.497681   0.302764  -1.194918 
     8400.0000  -1.498732   0.303851  -1.194881 
     8430.0000  -1.495930   0.301560  -1.194370 
     8460.0000  -1.495371   0.301583  -1.193788 
     8490.0000  -1.497086   0.303308  -1.193778 
     8520.0000  -1.497648   0.302226  -1.195423 
     8550.0000  -1.496180   0.298438  -1.197741 
     8580.0000  -1.499347   0.301148  -1.198199 
     8610.0000  -1.498622   0.300373  -1.198249 
     8640.0000  -1.494779   0.298941  -1.195838 
     8670.0000  -1.496478   0.299959  -1.196520 
     8700.0000  -1.497339   0.299909  -1.197430 
     8730.0000  -1.498229   0.299897  -1.198332 
     8760.0000  -1.497295   0.300072  -1.197223 
     8790.0000  -1.497687   0.300323  -1.197364 
     8820.0000  -1.500013   0.300868  -1.199145 
     8850.0000  -1.496157   0.301474  -1.194683 
     8880.0000  -1.498373   0.302006  -1.196368 
     8910.0000  -1.499346   0.302009  -1.197337 
     8940.0000  -1.499687   0.301548  -1.198139 
     8970.0000  -1.500706   0.300203  -1.200502 
     9000.0000  -1.498627   0.299831  -1.198796 
     9030.0000  -1.499723   0.299500  -1.200223 
     9060.0000  -1.499140   0.298706  -1.200434 
     9090.0000  -1.499912   0.300760  -1.199152 
     9120.0000  -1.500478   0.300819  -1.199659 
     9150.0000  -1.500910   0.302153  -1.198757 
     9180.0000  -1.496836   0.299587  -1.197249 
     9210.0000  -1.498562   0.302033  -1.196529 
     9240.0000  -1.496850   0.300680  -1.196170 
     9270.0000  -1.497191   0.300691  -1.196501 
     9300.0000  -1.497565   0.299900  -1.197665 
     9330.0000  -1.499422   0.302051  -1.197371 
     9360.0000  -1.499938   0.300745  -1.199193 
     9390.0000  -1.498866   0.300818  -1.198048 
     9420.0000  -1.498042   0.300971  -1.197071 
     9450.0000  -1.498841   0.300763  -1.198078 
     9480.0000  -1.499700   0.301123  -1.198578 
     9510.0000  -1.499007   0.299632  -1.199375 
     9540.0000  -1.501886   0.300708  -1.201178 
     9570.0000  -1.500569   0.300043  -1.200526 
     9600.0000  -1.499498   0.300136  -1.199361 
     9630.0000  -1.499256   0.300196  -1.199061 
     9660.0000  -1.500733   0.301184  -1.199549 
     9690.0000  -1.497791   0.296145  -1.201646 
     9720.0000  -1.501245   0.299885  -1.201360 
     9750.0000  -1.498715   0.299619  -1.199096 
     9780.0000  -1.498457   0.299532  -1.198925 
     9810.0000  -1.497435   0.299544  -1.197890 
     9840.0000  -1.498754   0.302544  -1.196210 
     9870.0000  -1.497907   0.301588  -1.196319 
     9900.0000  -1.497889   0.300224  -1.197665 
     9930.0000  -1.496198   0.301240  -1.194958 
     9960.0000  -1.498440   0.299942  -1.198498 
     9990.0000  -1.499892   0.299300  -1.200592 
    10020.0000  -1.500267   0.300267  -1.200000 
    10050.0000  -1.503545   0.302857  -1.200688 
    10080.0000  -1.499917   0.299627  -1.200290 
    10110.0000  -1.497624   0.299840  -1.197784 
    10140.0000  -1.497333   0.301396  -1.195937 
    10170.0000  -1.498002   0.300749  -1.197253 
    10200.0000  -1.499732   0.301632  -1.198100 
    10230.0000  -1.498164   0.299589  -1.198575 
    10260.0000  -1.497719   0.301679  -1.196040 
    10290.0000  -1.501960   0.302091  -1.199868 
    10320.0000  -1.499562   0.299521  -1.200041 
    10350.0000  -1.500772   0.301443  -1.199329 
    10380.0000  -1.500697   0.298221  -1.202476 
    10410.0000  -1.501545   0.298264  -1.203280 
    10440.0000  -1.498374   0.297565  -1.200809 
    10470.0000  -1.501635   0.301195  -1.200440 
    10500.0000  -1.499442   0.300977  -1.198465 
    10530.0000  -1.496443   0.300030  -1.196413 
    10560.0000  -1.497831   0.300216  -1.197615 
    10590.0000  -1.500078   0.300814  -1.199264 
    10620.0000  -1.499102   0.299441  -1.199661 
    10650.0000  -1.499059   0.299431  -1.199628 
    10680.0000  -1.499039   0.299707  -1.199333 
    10710.0000  -1.499289   0.300986  -1.198304 
    10740.0000  -1.499881   0.300341  -1.199539 
    10770.0000  -1.499308   0.299277  -1.200031 
    10800.0000  -1.501799   0.300363  -1.201436 
    10830.0000  -1.499337   0.300424  -1.198913 
    10860.0000  -1.496209   0.298393  -1.197815 
    10890.0000  -1.500091   0.302498  -1.197594 
    10920.0000  -1.498158   0.301184  -1.196974 
    10950.0000  -1.498063   0.300694  -1.197369 
    10980.0000  -1.498569   0.300386  -1.198183 
    11010.0000  -1.498355   0.298193  -1.200162 
    11040.0000  -1.497843   0.299784  -1.198059 
    11070.0000  -1.497558   0.299640  -1.197919 
    11100.0000  -1.499420   0.299451  -1.199969 
    11130.0000  -1.500468   0.301042  -1.199426 
    11160.0000  -1.501729   0.300168  -1.201562 
    11190.0000  -1.501247   0.300370  -1.200878 
    11220.0000  -1.498417   0.299285  -1.199132 
    11250.0000  -1.500970   0.301261  -1.199709 
    11280.0000  -1.501023   0.300849  -1.200174 
    11310.0000  -1.498776   0.300297  -1.198478 
    11340.0000  -1.501122   0.300680  -1.200442 
    11370.0000  -1.498576   0.299745  -1.198831 
    11400.0000  -1.497586   0.298411  -1.199175 
    11430.0000  -1.501651   0.300809  -1.200843 
    11460.0000  -1.499834   0.300645  -1.199189 
    11490.0000  -1.497613   0.300336  -1.197277 
    11520.0000  -1.498967   0.301909  -1.197059 
    11550.0000  -1.498694   0.299368  -1.199326 
    11580.0000  -1.498685   0.302307  -1.196379 
    11610.0000  -1.497091   0.301144  -1.195948 
    11640.0000  -1.494564   0.298673  -1.195892 
    11670.0000  -1.499273   0.302228  -1.197044 
    11700.0000  -1.500523   0.304376  -1.196147 
    11730.0000  -1.498575   0.300434  -1.198142 
    11760.0000  -1.498859   0.300470  -1.198389 
    11790.0000  -1.500440   0.302317  -1.198122 
    11820.0000  -1.501449   0.302495  -1.198954 
    11850.0000  -1.498705   0.298818  -1.199887 
    11880.0000  -1.499691   0.300199  -1.199492 
    11910.0000  -1.499203   0.299894  -1.199309 
    11940.0000  -1.499306   0.299308  -1.199997 
    11970.0000  -1.499024   0.300126  -1.198897 
    12000.0000  -1.498993   0.298553  -1.200440 
    12030.0000  -1.501487   0.301457  -1.200030 
    12060.0000  -1.499887   0.300996  -1.198891 
    12090.0000  -1.498126   0.300256  -1.197870 
    12120.0000  -1.499995   0.299852  -1.200144 
    12150.0000  -1.498463   0.297981  -1.200481 
    12180.0000  -1.500877   0.300415  -1.200462 
    12210.0000  -1.500429   0.301208  -1.199221 
    12240.0000  -1.502569   0.299980  -1.202590 
    12270.0000  -1.500622   0.299350  -1.201272 
    12300.0000  -1.500453   0.300327  -1.200126 
    12330.0000  -1.499876   0.301280  -1.198596 
    12360.0000  -1.496661   0.299889  -1.196772 
    12390.0000  -1.499901   0.301811  -1.198090 
    12420.0000  -1.499710   0.300831  -1.198879 
    12450.0000  -1.498181   0.299819  -1.198362 
    12480.0000  -1.500397   0.300393  -1.200004 
    12510.0000  -1.500008   0.299583  -1.200425 
    12540.0000  -1.500384   0.300523  -1.199862 
    12570.0000  -1.499657   0.298951  -1.200705 
    12600.0000  -1.500758   0.300738  -1.200020 
    12630.0000  -1.498040   0.298690  -1.199350 
    12660.0000  -1.498704   0.300736  -1.197968 
    12690.0000  -1.499835   0.301153  -1.198682 
    12720.0000  -1.500649   0.300740  -1.199909 
    12750.0000  -1.502025   0.303113  -1.198912 
    12780.0000  -1.499870   0.300704  -1.199166 
    12810.0000  -1.498367   0.298454  -1.199913 
    12840.0000  -1.498230   0.300400  -1.197830 
    12870.0000  -1.498881   0.299613  -1.199268 
    12900.0000  -1.499371   0.298169  -1.201202 
    12930.0000  -1.497189   0.300388  -1.196801 
    12960.0000  -1.497504   0.301503  -1.196001 
    12990.0000  -1.497301   0.302057  -1.195244 
    13020.0000  -1.496046   0.301315  -1.194731 
    13050.0000  -1.498062   0.299902  -1.198160 
    13080.0000  -1.499854   0.300145  -1.199709 
    13110.0000  -1.499158   0.299861  -1.199297 
    13140.0000  -1.499664   0.300808  -1.198856 
    13170.0000  -1.499446   0.299894  -1.199552 
    13200.0000  -1.499972   0.300807  -1.199165 
    13230.0000  -1.498476   0.299500  -1.198975 
    13260.0000  -1.500447   0.299820  -1.200627 
    13290.0000  -1.502056   0.300634  -1.201422 
    13320.0000  -1.500261   0.299609  -1.200652 
    13350.0000  -1.497979   0.300307  -1.197671 
    13380.0000  -1.497611   0.300785  -1.196826 
    13410.0000  -1.498556   0.299041  -1.199514 
    13440.0000  -1.500901   0.302507  -1.198394 
    13470.0000  -1.499908   0.302320  -1.197588 
    13500.0000  -1.497887   0.300438  -1.197450 
    13530.0000  -1.499944   0.299869  -1.200075 
    13560.0000  -1.499605   0.298350  -1.201255 
    13590.0000  -1.498520   0.299694  -1.198826 
    13620.0000  -1.501333   0.299755  -1.201578 
    13650.0000  -1.498148   0.298133  -1.200015 
    13680.0000  -1.497164   0.300923  -1.196241 
    13710.0000  -1.498021   0.300717  -1.197305 
    13740.0000  -1.499473   0.301510  -1.197963 
    13770.0000  -1.497970   0.299421  -1.198549 
    13800.0000  -1.497949   0.299831  -1.198118 
    13830.0000  -1.500075   0.301536  -1.198539 
    13860.0000  -1.500310   0.301741  -1.198569 
    13890.0000  -1.498895   0.301648  -1.197247 
    13920.0000  -1.500104   0.301891  -1.198213 
    13950.0000  -1.497265   0.299740  -1.197525 
    13980.0000  -1.499288   0.299937  -1.199350 
    14010.0000  -1.499123   0.300514  -1.198610 
    14040.0000  -1.497097   0.298825  -1.198272 
    14070.0000  -1.496536   0.299067  -1.197469 
    14100.0000  -1.497522   0.300489  -1.197033 
    14130.0000  -1.496881   0.300455  -1.196426 
    14160.0000  -1.496370   0.298867  -1.197503 
    14190.0000  -1.499302   0.301503  -1.197799 
    14220.0000  -1.497139   0.298365  -1.198774 
    14250.0000  -1.498351   0.299661  -1.198690 
    14280.0000  -1.500348   0.301036  -1.199311 
    14310.0000  -1.501323   0.300366  -1.200958 
    14340.0000  -1.501600   0.299391  -1.202208 
    14370.0000  -1.500862   0.299706  -1.201156 
    14400.0000  -1.499397   0.302759  -1.196639 
    14430.0000  -1.496529   0.299769  -1.196759 
    14460.0000  -1.497481   0.301243  -1.196239 
    14490.0000  -1.499120   0.303811  -1.195309 
    14520.0000  -1.497548   0.300442  -1.197107 
    14550.0000  -1.498038   0.299882  -1.198155 
    14580.0000  -1.499964   0.301376  -1.198588 
    14610.0000  -1.500335   0.299892  -1.200443 
    14640.0000  -1.498367   0.299374  -1.198993 
    14670.0000  -1.499478   0.301078  -1.198400 
    14700.0000  -1.501003   0.301314  -1.199689 
    14730.0000  -1.499491   0.299119  -1.200372 
    14760.0000  -1.498469   0.299116  -1.199353 
    14790.0000  -1.502078   0.299992  -1.202086 
    14820.0000  -1.501654   0.299142  -1.202512 
    14850.0000  -1.499556   0.297061  -1.202495 
    14880.0000  -1.497801   0.301247  -1.196555 
    14910.0000  -1.498917   0.299989  -1.198928 
    14940.0000  -1.500053   0.300409  -1.199644 
    14970.0000  -1.500612   0.299121  -1.201491 
    15000.0000  -1.499386   0.299033  -1.200353 
    15030.0000  -1.498368   0.300025  -1.198343 
    15060.0000  -1.499213   0.301139  -1.198074 
    15090.0000  -1.500496   0.301973  -1.198523 
    15120.0000  -1.502778   0.301720  -1.201058 
    15150.0000  -1.499952   0.299497  -1.200455 
    15180.0000  -1.497490   0.300100  -1.197390 
    15210.0000  -1.496120   0.300791  -1.195329 
    15240.0000  -1.497413   0.302987  -1.194427 
    15270.0000  -1.496820   0.304753  -1.192066 
    15300.0000  -1.496144   0.299623  -1.196521 
    15330.0000  -1.498281   0.302172  -1.196108 
    15360.0000  -1.497880   0.300606  -1.197275 
    15390.0000  -1.498015   0.301035  -1.196980 
    15420.0000  -1.501021   0.300331  -1.200690 
    15450.0000  -1.498925   0.297922  -1.201003 
    15480.0000  -1.501136   0.299109  -1.202027 
    15510.0000  -1.501151   0.298769  -1.202381 
    15540.0000  -1.499738   0.298813  -1.200926 
    15570.0000  -1.497993   0.299125  -1.198867 
    15600.0000  -1.499222   0.299406  -1.199816 
    15630.0000  -1.500823   0.298035  -1.202788 
    15660.0000  -1.502577   0.299385  -1.203192 
    15690.0000  -1.499976   0.298851  -1.201126 
    15720.0000  -1.500553   0.299507  -1.201046 
    15750.0000  -1.499298   0.299627  -1.199670 
    15780.0000  -1.498879   0.299465  -1.199414 
    15810.0000  -1.498833   0.297198  -1.201635 
    15840.0000  -1.501460   0.300716  -1.200743 
    15870.0000  -1.500121   0.298985  -1.201136 
    15900.0000  -1.499561   0.300182  -1.199379 
    15930.0000  -1.499909   0.302508  -1.197401 
    15960.0000  -1.498580   0.300847  -1.197733 
    15990.0000  -1.498867   0.299973  -1.198893 
    16020.0000  -1.500583   0.299692  -1.200890 
    16050.0000  -1.501064   0.302009  -1.199055 
    16080.0000  -1.499594   0.300313  -1.199280 
    16110.0000  -1.498096   0.300819  -1.197277 
    16140.0000  -1.498212   0.302482  -1.195731 
    16170.0000  -1.497453   0.300472  -1.196982 
    16200.0000  -1.498415   0.302146  -1.196269 
    16230.0000  -1.499133   0.300207  -1.198925 
    16260.0000  -1.500182   0.300043  -1.200139 
    16290.0000  -1.500669   0.300973  -1.199697 
    16320.0000  -1.497697   0.298232  -1.199465 
    16350.0000  -1.499362   0.300057  -1.199305 
    16380.0000  -1.499582   0.299117  -1.200465 
    16410.0000  -1.499055   0.301084  -1.197971 
    16440.0000  -1.498234   0.302297  -1.195938 
    16470.0000  -1.496094   0.300511  -1.195583 
    16500.0000  -1.498606   0.300880  -1.197726 
    16530.0000  -1.497136   0.302301  -1.194835 
    16560.0000  -1.497909   0.300844  -1.197064 
    16590.0000  -1.502110   0.303030  -1.199080 
    16620.0000  -1.498823   0.298749  -1.200074 
    16650.0000  -1.497648   0.299539  -1.198109 
    16680.0000  -1.500230   0.300588  -1.199642 
    16710.0000  -1.501408   0.299293  -1.202114 
    16740.0000  -1.500457   0.298214  -1.202243 
    16770.0000  -1.500971   0.298139  -1.202832 
    16800.0000  -1.502099   0.299105  -1.202995 
    16830.0000  -1.500690   0.299624  -1.201065 
    16860.0000  -1.499398   0.299204  -1.200195 
    16890.0000  -1.500462   0.298881  -1.201581 
    16920.0000  -1.497867   0.301320  -1.196546 
    16950.0000  -1.499264   0.301111  -1.198153 
    16980.0000  -1.498181   0.301017  -1.197164 
    17010.0000  -1.496638   0.300434  -1.196204 
    17040.0000  -1.496114   0.299875  -1.196238 
    17070.0000  -1.498711   0.300603  -1.198108 
    17100.0000  -1.498627   0.300914  -1.197713 
    17130.0000  -1.496410   0.299130  -1.197279 
    17160.0000  -1.499624   0.300431  -1.199193 
    17190.0000  -1.497435   0.300103  -1.197333 
    17220.0000  -1.496465   0.298894  -1.197570 
    17250.0000  -1.497517   0.301310  -1.196207 
    17280.0000  -1.496476   0.300505  -1.195971 
    17310.0000  -1.497289   0.299483  -1.197806 
    17340.0000  -1.499645   0.299616  -1.200030 
    17370.0000  -1.496925   0.300058  -1.196867 
    17400.0000  -1.497649   0.299033  -1.198616 
    17430.0000  -1.497693   0.299337  -1.198356 
    17460.0000  -1.500804   0.298951  -1.201853 
    17490.0000  -1.502046   0.299903  -1.202142 
    17520.0000  -1.500543   0.299703  -1.200841 
    17550.0000  -1.500766   0.297143  -1.203623 
    17580.0000  -1.499669   0.299630  -1.200039 
    17610.0000  -1.500117   0.301337  -1.198780 
    17640.0000  -1.496247   0.301597  -1.194650 
    17670.0000  -1.496585   0.299945  -1.196640 
    17700.0000  -1.498075   0.300783  -1.197292 
    17730.0000  -1.498836   0.300497  -1.198339 
    17760.0000  -1.500236   0.299956  -1.200280 
    17790.0000  -1.498739   0.300258  -1.198481 
    17820.0000  -1.499222   0.301057  -1.198165 
    17850.0000  -1.497193   0.299605  -1.197588 
    17880.0000  -1.497357   0.300879  -1.196478 
    17910.0000  -1.498295   0.302407  -1.195888 
    17940.0000  -1.496735   0.302676  -1.194059 
    17970.0000  -1.497483   0.302461  -1.195021 
    18000.0000  -1.496593   0.302146  -1.194447 
    18030.0000  -1.497181   0.299192  -1.197989 
    18060.0000  -1.497630   0.298451  -1.199179 
    18090.0000  -1.497497   0.301587  -1.195911 
    18120.0000  -1.496316   0.299620  -1.196696 
    18150.0000  -1.498871   0.300986  -1.197886 
    18180.0000  -1.498159   0.298724  -1.199434 
    18210.0000  -1.500661   0.300774  -1.199887 
    18240.0000  -1.500626   0.301143  -1.199483 
    18270.0000  -1.501164   0.301245  -1.199920 
    18300.0000  -1.501479   0.303178  -1.198301 
    18330.0000  -1.496588   0.301046  -1.195542 
    18360.0000  -1.496988   0.300389  -1.196599 
    18390.0000  -1.497303   0.300267  -1.197036 
    18420.0000  -1.496765   0.301303  -1.195461 
    18450.0000  -1.499016   0.299772  -1.199244 
    18480.0000  -1.500206   0.301033  -1.199173 
    18510.0000  -1.499682   0.299518  -1.200164 
    18540.0000  -1.500905   0.297759  -1.203146 
    18570.0000  -1.498778   0.300485  -1.198292 
    18600.0000  -1.497158   0.298637  -1.198521 
    18630.0000  -1.499340   0.301715  -1.197625 
    18660.0000  -1.498089   0.300737  -1.197352 
    18690.0000  -1.496448   0.300181  -1.196267 
    18720.0000  -1.499427   0.300627  -1.198800 
    18750.0000  -1.499285   0.299076  -1.200209 
    18780.0000  -1.497899   0.300060  -1.197840 
    18810.0000  -1.497428   0.298779  -1.198649 
    18840.0000  -1.498129   0.300754  -1.197375 
    18870.0000  -1.500510   0.302248  -1.198262 
    18900.0000  -1.499419   0.300216  -1.199203 
    18930.0000  -1.501979   0.298367  -1.203612 
    18960.0000  -1.501071   0.300450  -1.200621 
    18990.0000  -1.499079   0.297907  -1.201171 
    19020.0000  -1.499028   0.298156  -1.200872 
    19050.0000  -1.501097   0.299868  -1.201230 
    19080.0000  -1.500701   0.298711  -1.201990 
    19110.0000  -1.500892   0.301186  -1.199705 
    19140.0000  -1.499360   0.299986  -1.199374 
    19170.0000  -1.499099   0.300225  -1.198874 
    19200.0000  -1.499241   0.300268  -1.198974 
    19230.0000  -1.499151   0.299466  -1.199685 
    19260.0000  -1.497757   0.298403  -1.199355 
    19290.0000  -1.501153   0.301410  -1.199743 
    19320.0000  -1.500950   0.300271  -1.200680 
    19350.0000  -1.498122   0.300620  -1.197502 
    19380.0000  -1.496826   0.301113  -1.195713 
    19410.0000  -1.497012   0.302049  -1.194963 
    19440.0000  -1.495119   0.299969  -1.195150 
    19470.0000  -1.498013   0.302101  -1.195912 
    19500.0000  -1.498624   0.300761  -1.197863 
    19530.0000  -1.500517   0.299927  -1.200590 
    19560.0000  -1.498884   0.298694  -1.200190 
    19590.0000  -1.498479   0.297442  -1.201038 
    19620.0000  -1.502481   0.298956  -1.203525 
    19650.0000  -1.500070   0.299634  -1.200435 
    19680.0000  -1.499782   0.302801  -1.196981 
    19710.0000  -1.499947   0.300993  -1.198954 
    19740.0000  -1.498364   0.300956  -1.197408 
    19770.0000  -1.500124   0.300736  -1.199387 
    19800.0000  -1.496795   0.299137  -1.197658 
    19830.0000  -1.497526   0.301033  -1.196493 
    19860.0000  -1.500674   0.301913  -1.198761 
    19890.0000  -1.499529   0.301124  -1.198405 
    19920.0000  -1.498772   0.302454  -1.196318 
    19950.0000  -1.496103   0.300364  -1.195738 
    19980.0000  -1.498834   0.302622  -1.196212 
    20010.0000  -1.496956   0.301974  -1.194981 
    20040.0000  -1.494389   0.301170  -1.193219 
    20070.0000  -1.494771   0.303348  -1.191423 
    20100.0000  -1.497132   0.303372  -1.193760 
    20130.0000  -1.498221   0.302813  -1.195408 
    20160.0000  -1.499720   0.299699  -1.200021 
    20190.0000  -1.499597   0.300244  -1.199353 
    20220.0000  -1.500241   0.299228  -1.201013 
    20250.0000  -1.499868   0.297830  -1.202038 
    20280.0000  -1.498712   0.300476  -1.198236 
    20310.0000  -1.500439   0.299462  -1.200977 
    20340.0000  -1.497784   0.297721  -1.200063 
    20370.0000  -1.496909   0.299715  -1.197194 
    20400.0000  -1.497642   0.300220  -1.197422 
    20430.0000  -1.496457   0.298737  -1.197721 
    20460.0000  -1.496785   0.299092  -1.197693 
    20490.0000  -1.496748   0.300381  -1.196367 
    20520.0000  -1.500221   0.302120  -1.198101 
    20550.0000  -1.499009   0.300287  -1.198722 
    20580.0000  -1.499259   0.300871  -1.198389 
    20610.0000  -1.499708   0.298338  -1.201370 
    20640.0000  -1.499309   0.299884  -1.199425 
    20670.0000  -1.497703   0.299749  -1.197954 
    20700.0000  -1.497215   0.300624  -1.196591 
    20730.0000  -1.500076   0.300942  -1.199134 
    20760.0000  -1.499112   0.300137  -1.198975 
    20790.0000  -1.496486   0.299534  -1.196952 
    20820.0000  -1.499614   0.302169  -1.197445 
    20850.0000  -1.499402   0.300436  -1.198966 
    20880.0000  -1.498905   0.300141  -1.198764 
    20910.0000  -1.500068   0.301679  -1.198388 
    20940.0000  -1.499667   0.299452  -1.200215 
    20970.0000  -1.499529   0.298301  -1.201227 
    21000.0000  -1.499072   0.299630  -1.199442 
    21030.0000  -1.501262   0.301653  -1.199609 
    21060.0000  -1.499198   0.298566  -1.200632 
    21090.0000  -1.498998   0.299953  -1.199044 
    21120.0000  -1.498820   0.299260  -1.199560 
    21150.0000  -1.498417   0.298360  -1.200057 
    21180.0000  -1.500558   0.301026  -1.199532 
    21210.0000  -1.500890   0.299407  -1.201483 
    21240.0000  -1.498979   0.299230  -1.199749 
    21270.0000  -1.500750   0.300543  -1.200207 
    21300.0000  -1.502068   0.299698  -1.202370 
    21330.0000  -1.502334   0.300471  -1.201863 
    21360.0000  -1.499624   0.300261  -1.199363 
    21390.0000  -1.498794   0.300129  -1.198665 
    21420.0000  -1.499221   0.298664  -1.200557 
    21450.0000  -1.500319   0.300460  -1.199859 
    21480.0000  -1.499171   0.302642  -1.196530 
    21510.0000  -1.499052   0.303176  -1.195877 
    21540.0000  -1.498260   0.300961  -1.197298 
    21570.0000  -1.497915   0.299573  -1.198342 
    21600.0000  -1.497962   0.299487  -1.198475 
    21630.0000  -1.499337   0.299810  -1.199527 
    21660.0000  -1.501094   0.299944  -1.201150 
    21690.0000  -1.498671   0.300307  -1.198364 
    21720.0000  -1.500466   0.300828  -1.199638 
    21750.0000  -1.500469   0.301523  -1.198947 
    21780.0000  -1.500577   0.301655  -1.198922 
    21810.0000  -1.499743   0.300557  -1.199187 
    21840.0000  -1.495452   0.298965  -1.196487 
    21870.0000  -1.500541   0.303865  -1.196676 
    21900.0000  -1.498386   0.302593  -1.195793 
    21930.0000  -1.496945   0.299394  -1.197552 
    21960.0000  -1.498206   0.298936  -1.199270 
    21990.0000  -1.498023   0.298160  -1.199863 
    22020.0000  -1.499869   0.299192  -1.200677 
    22050.0000  -1.500113   0.300790  -1.199322 
    22080.0000  -1.501398   0.299226  -1.202172 
    22110.0000  -1.498688   0.300347  -1.198341 
    22140.0000  -1.498139   0.299837  -1.198302 
    22170.0000  -1.500613   0.300271  -1.200343 
    22200.0000  -1.498569   0.298531  -1.200038 
    22230.0000  -1.498538   0.301696  -1.196842 
    22260.0000  -1.496646   0.299630  -1.197016 
    22290.0000  -1.495666   0.298346  -1.197320 
    22320.0000  -1.498435   0.301434  -1.197000 
    22350.0000  -1.498174   0.301464  -1.196710 
    22380.0000  -1.497610   0.300214  -1.197396 
    22410.0000  -1.497631   0.299641  -1.197990 
    22440.0000  -1.497914   0.300687  -1.197227 
    22470.0000  -1.498406   0.303124  -1.195282 
    22500.0000  -1.498424   0.299877  -1.198547 
    22530.0000  -1.500971   0.300740  -1.200231 
    22560.0000  -1.499883   0.300497  -1.199386 
    22590.0000  -1.499748   0.300944  -1.198804 
    22620.0000  -1.499719   0.299155  -1.200564 
    22650.0000  -1.498301   0.299830  -1.198470 
    22680.0000  -1.499455   0.299619  -1.199837 
    22710.0000  -1.499796   0.298339  -1.201457 
    22740.0000  -1.499822   0.298844  -1.200978 
    22770.0000  -1.499301   0.297850  -1.201451 
    22800.0000  -1.499245   0.295647  -1.203597 
    22830.0000  -1.501062   0.299466  -1.201596 
    22860.0000  -1.501551   0.299716  -1.201835 
    22890.0000  -1.502222   0.301024  -1.201199 
    22920.0000  -1.500922   0.299860  -1.201063 
    22950.0000  -1.499131   0.299761  -1.199370 
    22980.0000  -1.495980   0.300433  -1.195548 
    23010.0000  -1.499087   0.301806  -1.197280 
    23040.0000  -1.497157   0.300724  -1.196433 
    23070.0000  -1.500004   0.303493  -1.196511 
    23100.0000  -1.498093   0.301102  -1.196991 
    23130.0000  -1.499306   0.300264  -1.199043 
    23160.0000  -1.500198   0.300786  -1.199412 
    23190.0000  -1.500605   0.300285  -1.200320 
    23220.0000  -1.497936   0.299710  -1.198225 
    23250.0000  -1.498628   0.300678  -1.197951 
    23280.0000  -1.498786   0.301066  -1.197720 
    23310.0000  -1.500593   0.301395  -1.199198 
    23340.0000  -1.498270   0.298444  -1.199827 
    23370.0000  -1.499440   0.298823  -1.200617 
    23400.0000  -1.501676   0.300067  -1.201610 
    23430.0000  -1.501757   0.301760  -1.199997 
    23460.0000  -1.497967   0.299978  -1.197989 
    23490.0000  -1.496259   0.299072  -1.197187 
    23520.0000  -1.499401   0.302190  -1.197211 
    23550.0000  -1.499064   0.300776  -1.198288 
    23580.0000  -1.498704   0.299780  -1.198924 
    23610.0000  -1.497948   0.298215  -1.199733 
    23640.0000  -1.500368   0.301857  -1.198510 
    23670.0000  -1.496736   0.300175  -1.196561 
    23700.0000  -1.498756   0.299888  -1.198867 
    23730.0000  -1.498435   0.299845  -1.198591 
    23760.0000  -1.496742   0.298548  -1.198195 
    23790.0000  -1.499385   0.301940  -1.197445 
    23820.0000  -1.498103   0.299609  -1.198493 
    23850.0000  -1.497868   0.301290  -1.196578 
    23880.0000  -1.496951   0.302569  -1.194382 
    23910.0000  -1.499009   0.302106  -1.196902 
    23940.0000  -1.498721   0.299780  -1.198941 
    23970.0000  -1.498790   0.301777  -1.197013 
    24000.0000  -1.496532   0.299524  -1.197009 
    24030.0000  -1.498443   0.300296  -1.198147 
    24060.0000  -1.496304   0.299246  -1.197058 
    24090.0000  -1.498241   0.301350  -1.196891 
    24120.0000  -1.497960   0.302884  -1.195076 
    24150.0000  -1.498320   0.301705  -1.196616 
    24180.0000  -1.496899   0.299660  -1.197238 
    24210.0000  -1.499513   0.300125  -1.199388 
    24240.0000  -1.498535   0.300988  -1.197547 
    24270.0000  -1.500741   0.301585  -1.199156 
    24300.0000  -1.499819   0.300881  -1.198938 
    24330.0000  -1.498946   0.298545  -1.200401 
    24360.0000  -1.498313   0.299802  -1.198511 
    24390.0000  -1.500305   0.300176  -1.200130 
    24420.0000  -1.499955   0.302638  -1.197317 
    24450.0000  -1.497452   0.301245  -1.196207 
    24480.0000  -1.501191   0.301626  -1.199565 
    24510.0000  -1.500601   0.299103  -1.201498 
    24540.0000  -1.500928   0.298728  -1.202200 
    24570.0000  -1.500403   0.300121  -1.200282 
    24600.0000  -1.500510   0.300833  -1.199677 
    24630.0000  -1.499692   0.300397  -1.199295 
    24660.0000  -1.500065   0.298639  -1.201427 
    24690.0000  -1.499415   0.299158  -1.200257 
    24720.0000  -1.498156   0.299418  -1.198738 
    24750.0000  -1.499046   0.299931  -1.199115 
    24780.0000  -1.497618   0.300100  -1.197518 
    24810.0000  -1.498603   0.302164  -1.196439 
    24840.0000  -1.498130   0.300550  -1.197579 
    24870.0000  -1.499679   0.301441  -1.198238 
    24900.0000  -1.496826   0.301606  -1.195220 
    24930.0000  -1.496083   0.300008  -1.196076 
    24960.0000  -1.498845   0.300068  -1.198778 
    24990.0000  -1.498449   0.301363  -1.197087 
    25020.0000  -1.496969   0.301358  -1.195611 
    25050.0000  -1.499545   0.300674  -1.198870 
    25080.0000  -1.500122   0.299997  -1.200124 
    25110.0000  -1.498816   0.300153  -1.198663 
    25140.0000  -1.499798   0.302261  -1.197537 
    25170.0000  -1.499024   0.301695  -1.197329 
    25200.0000  -1.500805   0.300390  -1.200414 
    25230.0000  -1.501167   0.301461  -1.199706 
    25260.0000  -1.499259   0.300184  -1.199075 
    25290.0000  -1.498590   0.301083  -1.197507 
    25320.0000  -1.497368   0.301434  -1.195934 
    25350.0000  -1.498515   0.301444  -1.197071 
    25380.0000  -1.497156   0.299727  -1.197429 
    25410.0000  -1.498256   0.302356  -1.195899 
    25440.0000  -1.499573   0.301841  -1.197732 
    25470.0000  -1.498292   0.300400  -1.197893 
    25500.0000  -1.497015   0.301173  -1.195843 
    25530.0000  -1.497043   0.299890  -1.197153 
    25560.0000  -1.497856   0.300113  -1.197743 
    25590.0000  -1.499289   0.300298  -1.198992 
    25620.0000  -1.499414   0.300726  -1.198688 
    25650.0000  -1.500503   0.299963  -1.200540 
    25680.0000  -1.499092   0.299819  -1.199272 
    25710.0000  -1.499333   0.301055  -1.198278 
    25740.0000  -1.500529   0.300899  -1.199629 
    25770.0000  -1.496506   0.299973  -1.196533 
    25800.0000  -1.499771   0.302943  -1.196828 
    25830.0000  -1.498578   0.302725  -1.195852 
    25860.0000  -1.496927   0.302948  -1.193978 
    25890.0000  -1.497151   0.299888  -1.197264 
    25920.0000  -1.499518   0.299138  -1.200380 
    25950.0000  -1.500643   0.298976  -1.201666 
    25980.0000  -1.500574   0.300905  -1.199669 
    26010.0000  -1.499963   0.298744  -1.201219 
    26040.0000  -1.500525   0.298587  -1.201938 
    26070.0000  -1.500615   0.298989  -1.201626 
    26100.0000  -1.500516   0.300513  -1.200003 
    26130.0000  -1.497498   0.298413  -1.199085 
    26160.0000  -1.498569   0.299736  -1.198833 
    26190.0000  -1.499212   0.298558  -1.200654 
    26220.0000  -1.498720   0.299153  -1.199567 
    26250.0000  -1.498658   0.300762  -1.197896 
    26280.0000  -1.501718   0.300954  -1.200763 
    26310.0000  -1.501804   0.298844  -1.202960 
    26340.0000  -1.500091   0.298011  -1.202080 
    26370.0000  -1.501562   0.302079  -1.199483 
    26400.0000  -1.498500   0.299993  -1.198507 
    26430.0000  -1.500479   0.302140  -1.198339 
    26460.0000  -1.501568   0.301623  -1.199945 
    26490.0000  -1.498167   0.299736  -1.198430 
    26520.0000  -1.496234   0.299902  -1.196332 
    26550.0000  -1.498927   0.302297  -1.196631 
    26580.0000  -1.497097   0.300653  -1.196444 
    26610.0000  -1.500137   0.303225  -1.196912 
    26640.0000  -1.498038   0.301183  -1.196855 
    26670.0000  -1.498512   0.299984  -1.198527 
    26700.0000  -1.499425   0.300485  -1.198940 
    26730.0000  -1.497468   0.300374  -1.197093 
    26760.0000  -1.496553   0.297759  -1.198794 
    26790.0000  -1.500944   0.300519  -1.200425 
    26820.0000  -1.498814   0.300051  -1.198762 
    26850.0000  -1.498294   0.301394  -1.196900 
    26880.0000  -1.497252   0.300041  -1.197212 
    26910.0000  -1.497341   0.301073  -1.196268 
    26940.0000  -1.499203   0.300609  -1.198594 
    26970.0000  -1.500474   0.302063  -1.198411 
    27000.0000  -1.497707   0.300055  -1.197651 
    27030.0000  -1.498373   0.299638  -1.198735 
    27060.0000  -1.500687   0.300814  -1.199873 
    27090.0000  -1.499449   0.299310  -1.200139 
    27120.0000  -1.499193   0.300037  -1.199156 
    27150.0000  -1.498647   0.299566  -1.199081 
    27180.0000  -1.498857   0.300102  -1.198755 
    27210.0000  -1.500233   0.299628  -1.200605 
    27240.0000  -1.499835   0.297871  -1.201964 
    27270.0000  -1.499966   0.299582  -1.200385 
    27300.0000  -1.499273   0.300153  -1.199120 
    27330.0000  -1.498559   0.301329  -1.197230 
    27360.0000  -1.500290   0.301609  -1.198680 
    27390.0000  -1.500652   0.302219  -1.198433 
    27420.0000  -1.498019   0.300198  -1.197821 
    27450.0000  -1.498744   0.302097  -1.196647 
    27480.0000  -1.497327   0.300138  -1.197189 
    27510.0000  -1.497373   0.300394  -1.196979 
    27540.0000  -1.499148   0.300044  -1.199104 
    27570.0000  -1.498021   0.300608  -1.197413 
    27600.0000  -1.495324   0.299096  -1.196228 
    27630.0000  -1.497706   0.302128  -1.195578 
    27660.0000  -1.497095   0.301784  -1.195310 
    27690.0000  -1.496394   0.300608  -1.195786 
    27720.0000  -1.498519   0.300538  -1.197982 
    27750.0000  -1.499336   0.299222  -1.200115 
    27780.0000  -1.499748   0.300882  -1.198866 
    27810.0000  -1.498145   0.301451  -1.196693 
    27840.0000  -1.497464   0.300601  -1.196863 
    27870.0000  -1.499812   0.301669  -1.198143 
    27900.0000  -1.499504   0.300456  -1.199048 
    27930.0000  -1.498344   0.298924  -1.199419 
    27960.0000  -1.498436   0.299647  -1.198789 
    27990.0000  -1.499884   0.301885  -1.198000 
    28020.0000  -1.498155   0.301350  -1.196805 
    28050.0000  -1.498986   0.301847  -1.197138 
    28080.0000  -1.497566   0.301472  -1.196094 
    28110.0000  -1.496855   0.299585  -1.197270 
    28140.0000  -1.495964   0.301914  -1.194050 
    28170.0000  -1.496774   0.300479  -1.196295 
    28200.0000  -1.495422   0.300472  -1.194950 
    28230.0000  -1.497872   0.299786  -1.198086 
    28260.0000  -1.500329   0.301849  -1.198480 
    28290.0000  -1.497973   0.300917  -1.197056 
    28320.0000  -1.497711   0.301673  -1.196038 
    28350.0000  -1.498764   0.300613  -1.198151 
    28380.0000  -1.498147   0.299677  -1.198470 
    28410.0000  -1.499847   0.299531  -1.200317 
    28440.0000  -1.499139   0.299790  -1.199349 
    28470.0000  -1.498554   0.301029  -1.197524 
    28500.0000  -1.499300   0.298704  -1.200596 
    28530.0000  -1.500955   0.299128  -1.201827 
    28560.0000  -1.501607   0.300233  -1.201375 
    28590.0000  -1.500855   0.300067  -1.200788 
    28620.0000  -1.500620   0.298885  -1.201735 
    28650.0000  -1.500875   0.299942  -1.200933 
    28680.0000  -1.499334   0.299574  -1.199761 
    28710.0000  -1.497850   0.297740  -1.200109 
    28740.0000  -1.499827   0.299927  -1.199900 
    28770.0000  -1.499636   0.300572  -1.199064 
    28800.0000  -1.499316   0.301249  -1.198067 
    28830.0000  -1.498924   0.298176  -1.200747 
    28860.0000  -1.498754   0.299442  -1.199312 
    28890.0000  -1.499855   0.298715  -1.201140 
    28920.0000  -1.499431   0.300491  -1.198940 
    28950.0000  -1.497213   0.300864  -1.196349 
    28980.0000  -1.496155   0.300471  -1.195684 
    29010.0000  -1.499477   0.302792  -1.196684 
    29040.0000  -1.497020   0.300362  -1.196658 
    29070.0000  -1.498976   0.300365  -1.198611 
    29100.0000  -1.497717   0.298692  -1.199024 
    29130.0000  -1.497634   0.300127  -1.197506 
    29160.0000  -1.497703   0.301969  -1.195734 
    29190.0000  -1.496463   0.299315  -1.197148 
    29220.0000  -1.495643   0.301202  -1.194441 
    29250.0000  -1.497482   0.299974  -1.197508 
    29280.0000  -1.497982   0.300854  -1.197128 
    29310.0000  -1.499188   0.300004  -1.199183 
    29340.0000  -1.499392   0.299786  -1.199606 
    29370.0000  -1.499943   0.300258  -1.199684 
    29400.0000  -1.499613   0.299988  -1.199625 
    29430.0000  -1.496467   0.299138  -1.197329 
    29460.0000  -1.499012   0.302277  -1.196735 
    29490.0000  -1.497936   0.299754  -1.198182 
    29520.0000  -1.500796   0.303645  -1.197151 
    29550.0000  -1.502143   0.300457  -1.201686 
    29580.0000  -1.501580   0.300390  -1.201190 
    29610.0000  -1.500031   0.299056  -1.200975 
    29640.0000  -1.499894   0.301494  -1.198399 
    29670.0000  -1.499832   0.301652  -1.198180 
    29700.0000  -1.500313   0.301937  -1.198376 
    29730.0000  -1.497552   0.300612  -1.196939 
    29760.0000  -1.498998   0.300676  -1.198322 
    29790.0000  -1.499161   0.301501  -1.197660 
    29820.0000  -1.499075   0.297189  -1.201886 
    29850.0000  -1.502020   0.300024  -1.201996 
    29880.0000  -1.499313   0.298191  -1.201122 
    29910.0000  -1.497999   0.298176  -1.199823 
    29940.0000  -1.498744   0.302294  -1.196449 
    29970.0000  -1.497991   0.302331  -1.195660 
    30000.0000  -1.499264   0.301650  -1.197614 
